1777587950086 1.0 0
1777587950413 1.0 1
1777587950724 1.0 2
1777587951018 1.0 3
1777587951314 1.0 4
1777587951634 1.0 5
1777587951995 1.0 6
1777587952316 1.0 7
1777587952621 1.0 8
1777587952932 1.0 9
1777587953234 1.0 10
1777587953573 1.0 11
1777587953910 1.0 12
1777587954227 1.0 13
1777587954529 1.0 14
1777587954847 1.0 15
1777587955147 1.0 16
1777587955444 1.0 17
1777587955741 1.0 18
1777587956037 1.0 19
1777587956394 1.0 20
1777587956687 1.0 21
1777587957000 1.0 22
1777587957284 1.0 23
1777587957581 1.0 24
1777587957887 1.0 25
1777587958193 1.0 26
1777587958506 1.0 27
1777587958821 1.0 28
1777587959119 1.0 29
1777587959438 1.0 30
1777587959733 1.0 31
1777587960031 1.0 32
1777587960325 1.0 33
1777587960639 1.0 34
1777587960963 1.0 35
1777587961282 1.0 36
1777587961597 1.0 37
1777587961951 1.0 38
1777587962299 1.0 39
1777587962633 1.0 40
1777587962958 1.0 41
1777587963287 1.0 42
1777587963583 1.0 43
1777587963913 1.0 44
1777587964249 1.0 45
1777587964568 1.0 46
1777587964949 1.0 47
1777587965353 1.0 48
1777587965766 1.0 49
1777587966211 1.0 50
1777587966570 1.0 51
1777587966936 1.0 52
1777587967330 1.0 53
1777587967695 1.0 54
1777587968069 1.0 55
1777587968448 1.0 56
1777587968821 1.0 57
1777587969192 1.0 58
1777587969556 1.0 59
1777587969922 1.0 60
1777587970263 1.0 61
1777587970639 1.0 62
1777587971009 1.0 63
1777587971361 1.0 64
1777587971734 1.0 65
1777587972100 1.0 66
1777587972472 1.0 67
1777587972868 1.0 68
1777587973223 1.0 69
1777587973592 1.0 70
1777587973963 1.0 71
1777587974326 1.0 72
1777587974698 1.0 73
1777587975048 1.0 74
1777587975410 1.0 75
1777587975761 1.0 76
1777587976121 1.0 77
1777587976492 1.0 78
1777587976841 1.0 79
1777587977196 1.0 80
1777587977596 1.0 81
1777587977952 1.0 82
1777587978316 1.0 83
1777587978640 1.0 84
1777587979015 1.0 85
1777587979412 1.0 86
1777587979875 1.0 87
1777587980379 1.0 88
1777587980892 1.0 89
1777587981320 1.0 90
1777587981732 1.0 91
1777587982117 1.0 92
1777587982553 1.0 93
1777587982930 1.0 94
1777587983327 1.0 95
1777587983742 1.0 96
1777587984176 1.0 97
1777587984584 1.0 98
1777587984961 1.0 99
1777587950086 1.0 0
