1777587950101 0.0 0
1777587950427 0.0 1
1777587950735 0.0 2
1777587951031 0.0 3
1777587951327 0.0 4
1777587951646 0.0 5
1777587952009 0.0 6
1777587952329 0.0 7
1777587952634 0.0 8
1777587952945 0.0 9
1777587953246 0.0 10
1777587953586 0.0 11
1777587953924 0.0 12
1777587954239 0.0 13
1777587954540 0.0 14
1777587954858 0.0 15
1777587955161 0.0 16
1777587955457 0.0 17
1777587955752 0.0 18
1777587956048 0.0 19
1777587956407 0.0 20
1777587956701 0.0 21
1777587957011 0.0 22
1777587957295 0.0 23
1777587957593 0.0 24
1777587957899 0.0 25
1777587958204 0.0 26
1777587958519 0.0 27
1777587958834 0.0 28
1777587959130 0.0 29
1777587959449 0.0 30
1777587959746 0.0 31
1777587960042 0.0 32
1777587960336 0.0 33
1777587960650 0.0 34
1777587960974 0.0 35
1777587961294 0.0 36
1777587961609 0.0 37
1777587961966 0.0 38
1777587962311 0.0 39
1777587962645 0.0 40
1777587962972 0.0 41
1777587963301 0.0 42
1777587963594 0.0 43
1777587963928 0.0 44
1777587964260 0.0 45
1777587964580 0.0 46
1777587964964 0.0 47
1777587965371 0.0 48
1777587965782 0.0 49
1777587966225 0.0 50
1777587966584 0.0 51
1777587966951 0.0 52
1777587967345 0.0 53
1777587967711 0.0 54
1777587968082 0.0 55
1777587968463 0.0 56
1777587968835 0.0 57
1777587969205 0.0 58
1777587969570 0.0 59
1777587969933 0.0 60
1777587970277 0.0 61
1777587970652 0.0 62
1777587971023 0.0 63
1777587971375 0.0 64
1777587971748 0.0 65
1777587972114 0.0 66
1777587972485 0.0 67
1777587972882 0.0 68
1777587973238 0.0 69
1777587973606 0.0 70
1777587973977 0.0 71
1777587974340 0.0 72
1777587974711 0.0 73
1777587975061 0.0 74
1777587975424 0.0 75
1777587975775 0.0 76
1777587976135 0.0 77
1777587976505 0.0 78
1777587976855 0.0 79
1777587977209 0.0 80
1777587977608 0.0 81
1777587977966 0.0 82
1777587978330 0.0 83
1777587978654 0.0 84
1777587979028 0.0 85
1777587979429 0.0 86
1777587979891 0.0 87
1777587980396 0.0 88
1777587980907 0.0 89
1777587981336 0.0 90
1777587981747 0.0 91
1777587982132 0.0 92
1777587982568 0.0 93
1777587982944 0.0 94
1777587983343 0.0 95
1777587983758 0.0 96
1777587984192 0.0 97
1777587984600 0.0 98
1777587984975 0.0 99
1777587950101 0.0 0
