1777587950091 0.0 0
1777587950418 0.0 1
1777587950728 0.0 2
1777587951021 0.0 3
1777587951318 0.0 4
1777587951638 0.0 5
1777587952000 0.0 6
1777587952320 0.0 7
1777587952625 0.0 8
1777587952936 0.0 9
1777587953238 0.0 10
1777587953577 0.0 11
1777587953915 0.0 12
1777587954231 0.0 13
1777587954532 0.0 14
1777587954851 0.0 15
1777587955152 0.0 16
1777587955449 0.0 17
1777587955745 0.0 18
1777587956041 0.0 19
1777587956398 0.0 20
1777587956692 0.0 21
1777587957004 0.0 22
1777587957287 0.0 23
1777587957584 0.0 24
1777587957891 0.0 25
1777587958197 0.0 26
1777587958510 0.0 27
1777587958826 0.0 28
1777587959122 0.0 29
1777587959442 0.0 30
1777587959737 0.0 31
1777587960035 0.0 32
1777587960329 0.0 33
1777587960642 0.0 34
1777587960967 0.0 35
1777587961286 0.0 36
1777587961600 0.0 37
1777587961956 0.0 38
1777587962302 0.0 39
1777587962636 0.0 40
1777587962963 0.0 41
1777587963291 0.0 42
1777587963587 0.0 43
1777587963918 0.0 44
1777587964252 0.0 45
1777587964572 0.0 46
1777587964954 0.0 47
1777587965359 0.0 48
1777587965771 0.0 49
1777587966216 0.0 50
1777587966575 0.0 51
1777587966941 0.0 52
1777587967335 0.0 53
1777587967699 0.0 54
1777587968073 0.0 55
1777587968453 0.0 56
1777587968825 0.0 57
1777587969196 0.0 58
1777587969561 0.0 59
1777587969926 0.0 60
1777587970268 0.0 61
1777587970643 0.0 62
1777587971014 0.0 63
1777587971366 0.0 64
1777587971739 0.0 65
1777587972105 0.0 66
1777587972476 0.0 67
1777587972873 0.0 68
1777587973228 0.0 69
1777587973597 0.0 70
1777587973968 0.0 71
1777587974330 0.0 72
1777587974702 0.0 73
1777587975052 0.0 74
1777587975415 0.0 75
1777587975765 0.0 76
1777587976126 0.0 77
1777587976496 0.0 78
1777587976846 0.0 79
1777587977201 0.0 80
1777587977601 0.0 81
1777587977957 0.0 82
1777587978321 0.0 83
1777587978645 0.0 84
1777587979020 0.0 85
1777587979418 0.0 86
1777587979880 0.0 87
1777587980385 0.0 88
1777587980897 0.0 89
1777587981326 0.0 90
1777587981737 0.0 91
1777587982122 0.0 92
1777587982558 0.0 93
1777587982935 0.0 94
1777587983332 0.0 95
1777587983747 0.0 96
1777587984181 0.0 97
1777587984590 0.0 98
1777587984966 0.0 99
1777587950091 0.0 0
