1777587950096 0.0 0
1777587950422 0.0 1
1777587950732 0.0 2
1777587951026 0.0 3
1777587951323 0.0 4
1777587951642 0.0 5
1777587952004 0.0 6
1777587952324 0.0 7
1777587952630 0.0 8
1777587952941 0.0 9
1777587953242 0.0 10
1777587953582 0.0 11
1777587953919 0.0 12
1777587954235 0.0 13
1777587954536 0.0 14
1777587954855 0.0 15
1777587955157 0.0 16
1777587955454 0.0 17
1777587955749 0.0 18
1777587956044 0.0 19
1777587956403 0.0 20
1777587956696 0.0 21
1777587957008 0.0 22
1777587957291 0.0 23
1777587957589 0.0 24
1777587957895 0.0 25
1777587958200 0.0 26
1777587958514 0.0 27
1777587958830 0.0 28
1777587959126 0.0 29
1777587959446 0.0 30
1777587959742 0.0 31
1777587960039 0.0 32
1777587960333 0.0 33
1777587960646 0.0 34
1777587960970 0.0 35
1777587961290 0.0 36
1777587961605 0.0 37
1777587961961 0.0 38
1777587962307 0.0 39
1777587962641 0.0 40
1777587962967 0.0 41
1777587963295 0.0 42
1777587963591 0.0 43
1777587963923 0.0 44
1777587964256 0.0 45
1777587964576 0.0 46
1777587964959 0.0 47
1777587965365 0.0 48
1777587965776 0.0 49
1777587966220 0.0 50
1777587966579 0.0 51
1777587966946 0.0 52
1777587967340 0.0 53
1777587967704 0.0 54
1777587968078 0.0 55
1777587968458 0.0 56
1777587968830 0.0 57
1777587969201 0.0 58
1777587969566 0.0 59
1777587969930 0.0 60
1777587970273 0.0 61
1777587970648 0.0 62
1777587971019 0.0 63
1777587971370 0.0 64
1777587971743 0.0 65
1777587972110 0.0 66
1777587972481 0.0 67
1777587972877 0.0 68
1777587973233 0.0 69
1777587973601 0.0 70
1777587973972 0.0 71
1777587974335 0.0 72
1777587974707 0.0 73
1777587975057 0.0 74
1777587975420 0.0 75
1777587975770 0.0 76
1777587976131 0.0 77
1777587976501 0.0 78
1777587976850 0.0 79
1777587977205 0.0 80
1777587977605 0.0 81
1777587977962 0.0 82
1777587978325 0.0 83
1777587978650 0.0 84
1777587979025 0.0 85
1777587979424 0.0 86
1777587979886 0.0 87
1777587980391 0.0 88
1777587980902 0.0 89
1777587981331 0.0 90
1777587981742 0.0 91
1777587982127 0.0 92
1777587982563 0.0 93
1777587982940 0.0 94
1777587983338 0.0 95
1777587983752 0.0 96
1777587984186 0.0 97
1777587984595 0.0 98
1777587984971 0.0 99
1777587950096 0.0 0
