1777149360863 0.45584216270040956 0
1777149360922 0.1068310575916412 1
1777149360985 0.018019855864583812 2
1777149361045 0.006676354722932298 3
1777149361124 0.0037496854313352006 4
1777149361192 0.0026808349524644463 5
1777149361260 0.0016669566183291533 6
1777149361319 0.0013693390968949237 7
1777149361382 0.0011494400145664336 8
1777149361438 0.0008256110298308603 9
1777149361507 0.000705241811451839 10
1777149361578 0.0005933424966295864 11
1777149361633 0.0005656235840201299 12
1777149361696 0.00041062681021743474 13
1777149361750 0.0003728967598401644 14
1777149361814 0.00034947140793132773 15
1777149361876 0.000285675613880851 16
1777149361946 0.00030039917761856257 17
1777149362016 0.00022812871410427218 18
1777149362077 0.0002453807687840147 19
1777149362141 0.00023237874019616086 20
1777149362199 0.0001881899292942414 21
1777149362253 0.00017268457474741846 22
1777149362310 0.00014921990727901737 23
1777149362374 0.0001224720084057016 24
1777149362438 0.0001527682629301203 25
1777149362498 0.00011832535672007734 26
1777149362557 0.0001441208773262878 27
1777149362618 0.00010552967839256336 28
1777149362679 9.468113458229283e-05 29
1777149362746 0.0001193093592403184 30
1777149362811 8.308667627793607e-05 31
1777149362872 0.00010718112834512523 32
1777149362934 6.556630189074798e-05 33
1777149362992 6.35532652132555e-05 34
1777149363047 0.00012319055322416504 35
1777149363105 7.922413235374211e-05 36
1777149363170 6.360547083804317e-05 37
1777149363234 6.64493453033619e-05 38
1777149363294 4.8048501005897825e-05 39
1777149363358 4.814371647064926e-05 40
1777149363421 7.002765648800786e-05 41
1777149363480 5.063902018322396e-05 42
1777149363543 4.214846006668287e-05 43
1777149363605 4.19506756596557e-05 44
1777149363669 3.569260108653249e-05 45
1777149363737 4.756365235075367e-05 46
1777149363801 3.282187207274701e-05 47
1777149363856 2.9204870490038376e-05 48
1777149363910 2.82273777119894e-05 49
1777149360863 0.45584216270040956 0
