1777824532215 0.7526652452025586 0
1777824532463 0.7526652452025586 1
1777824532769 0.7924662402274343 2
1777824533072 0.8059701492537313 3
1777824533341 0.8137882018479033 4
1777824533636 0.814498933901919 5
1777824533926 0.8166311300639659 6
1777824534247 0.8152096659559346 7
1777824534533 0.8152096659559346 8
1777824534790 0.8180525941719972 9
1777824535061 0.8180525941719972 10
1777824535305 0.8180525941719972 11
1777824535574 0.8159203980099502 12
1777824535840 0.8180525941719972 13
1777824536113 0.8173418621179815 14
1777824536364 0.8173418621179815 15
1777824536620 0.8194740582800284 16
1777824536890 0.8173418621179815 17
1777824537175 0.8180525941719972 18
1777824537456 0.8187633262260128 19
1777824537726 0.820184790334044 20
1777824537968 0.8166311300639659 21
1777824538217 0.8180525941719972 22
1777824538499 0.820184790334044 23
1777824538773 0.8194740582800284 24
1777824539081 0.8187633262260128 25
1777824539367 0.820184790334044 26
1777824539642 0.8194740582800284 27
1777824539894 0.8180525941719972 28
1777824540138 0.8173418621179815 29
1777824540436 0.820184790334044 30
1777824540730 0.8180525941719972 31
1777824540997 0.8194740582800284 32
1777824532215 0.7526652452025586 0
