1777824532227 0.0 0
1777824532475 0.0 1
1777824532784 0.3177570093457944 2
1777824533084 0.5411764705882353 3
1777824533356 0.5801282051282052 4
1777824533651 0.5824 5
1777824533941 0.5917721518987342 6
1777824534276 0.5962732919254659 7
1777824534547 0.5924764890282131 8
1777824534801 0.6073619631901841 9
1777824535074 0.6037151702786377 10
1777824535319 0.6037151702786377 11
1777824535589 0.6105263157894737 12
1777824535855 0.6012461059190031 13
1777824536127 0.6123680241327301 14
1777824536378 0.6027820710973725 15
1777824536632 0.603125 16
1777824536904 0.6123680241327301 17
1777824537190 0.6073619631901841 18
1777824537471 0.6106870229007634 19
1777824537740 0.6077519379844961 20
1777824537980 0.6183431952662722 21
1777824538232 0.6121212121212121 22
1777824538515 0.6089644513137558 23
1777824538788 0.60062893081761 24
1777824539095 0.6142208774583964 25
1777824539384 0.6101694915254238 26
1777824539654 0.6139817629179332 27
1777824539907 0.6121212121212121 28
1777824540149 0.6158445440956651 29
1777824540453 0.6053042121684867 30
1777824540744 0.6144578313253012 31
1777824541010 0.6055900621118012 32
1777824532227 0.0 0
