1777824532219 0.0 0
1777824532467 0.0 1
1777824532774 0.85 2
1777824533076 0.6518218623481782 3
1777824533346 0.6557971014492754 4
1777824533641 0.6570397111913358 5
1777824533931 0.6584507042253521 6
1777824534264 0.6486486486486487 7
1777824534537 0.6517241379310345 8
1777824534793 0.6513157894736842 9
1777824535065 0.6543624161073825 10
1777824535309 0.6543624161073825 11
1777824535579 0.6403785488958991 12
1777824535845 0.6564625850340136 13
1777824536117 0.6444444444444445 14
1777824536368 0.6521739130434783 15
1777824536624 0.660958904109589 16
1777824536895 0.6444444444444445 17
1777824537180 0.6513157894736842 18
1777824537461 0.6514657980456026 19
1777824537731 0.6599326599326599 20
1777824537971 0.6371951219512195 21
1777824538222 0.6474358974358975 22
1777824538504 0.6588628762541806 23
1777824538778 0.6631944444444444 24
1777824539086 0.6485623003194888 25
1777824539373 0.6578073089700996 26
1777824539646 0.6516129032258065 27
1777824539899 0.6474358974358975 28
1777824540141 0.6417445482866043 29
1777824540442 0.6621160409556314 30
1777824540735 0.6455696202531646 31
1777824541002 0.6587837837837838 32
1777824532219 0.0 0
