1777824532223 0.0 0
1777824532471 0.0 1
1777824532779 0.19540229885057472 2
1777824533080 0.46264367816091956 3
1777824533351 0.5201149425287356 4
1777824533646 0.5229885057471264 5
1777824533936 0.5373563218390804 6
1777824534270 0.5517241379310345 7
1777824534542 0.5431034482758621 8
1777824534797 0.5689655172413793 9
1777824535070 0.5603448275862069 10
1777824535314 0.5603448275862069 11
1777824535584 0.5833333333333334 12
1777824535850 0.5545977011494253 13
1777824536122 0.5833333333333334 14
1777824536373 0.5603448275862069 15
1777824536628 0.5545977011494253 16
1777824536899 0.5833333333333334 17
1777824537185 0.5689655172413793 18
1777824537466 0.5747126436781609 19
1777824537736 0.5632183908045977 20
1777824537976 0.6005747126436781 21
1777824538227 0.5804597701149425 22
1777824538510 0.5660919540229885 23
1777824538783 0.5488505747126436 24
1777824539090 0.5833333333333334 25
1777824539378 0.5689655172413793 26
1777824539650 0.5804597701149425 27
1777824539903 0.5804597701149425 28
1777824540145 0.5919540229885057 29
1777824540448 0.5574712643678161 30
1777824540740 0.5862068965517241 31
1777824541006 0.5603448275862069 32
1777824532223 0.0 0
