1777587658037 1.0 0
1777587658401 1.0 1
1777587658708 1.0 2
1777587659059 1.0 3
1777587659391 1.0 4
1777587659697 1.0 5
1777587659989 1.0 6
1777587660298 1.0 7
1777587660603 1.0 8
1777587660906 1.0 9
1777587661202 1.0 10
1777587661503 1.0 11
1777587661802 1.0 12
1777587662094 1.0 13
1777587662402 1.0 14
1777587662707 1.0 15
1777587663015 1.0 16
1777587663305 1.0 17
1777587663603 1.0 18
1777587663908 1.0 19
1777587664209 1.0 20
1777587664507 1.0 21
1777587664849 1.0 22
1777587665142 1.0 23
1777587665444 1.0 24
1777587665773 1.0 25
1777587666076 1.0 26
1777587666412 1.0 27
1777587666718 1.0 28
1777587667031 1.0 29
1777587667337 1.0 30
1777587667638 1.0 31
1777587667947 1.0 32
1777587668250 1.0 33
1777587668527 1.0 34
1777587668838 1.0 35
1777587669158 1.0 36
1777587669447 1.0 37
1777587669737 1.0 38
1777587670045 1.0 39
1777587670371 1.0 40
1777587670674 1.0 41
1777587671010 1.0 42
1777587671350 1.0 43
1777587671660 1.0 44
1777587671970 1.0 45
1777587672269 1.0 46
1777587672583 1.0 47
1777587672905 1.0 48
1777587673213 1.0 49
1777587673580 1.0 50
1777587673900 1.0 51
1777587674228 1.0 52
1777587674562 1.0 53
1777587674867 1.0 54
1777587675199 1.0 55
1777587675522 1.0 56
1777587675866 1.0 57
1777587676209 1.0 58
1777587676513 1.0 59
1777587676859 1.0 60
1777587677163 1.0 61
1777587677487 1.0 62
1777587677816 1.0 63
1777587678141 1.0 64
1777587678454 1.0 65
1777587678782 1.0 66
1777587679107 1.0 67
1777587679435 1.0 68
1777587679734 1.0 69
1777587680062 1.0 70
1777587680352 1.0 71
1777587680683 1.0 72
1777587681014 1.0 73
1777587681322 1.0 74
1777587681632 1.0 75
1777587681959 1.0 76
1777587682304 1.0 77
1777587682641 1.0 78
1777587682937 1.0 79
1777587683238 1.0 80
1777587683544 1.0 81
1777587683869 1.0 82
1777587684191 1.0 83
1777587684536 1.0 84
1777587684859 1.0 85
1777587685153 1.0 86
1777587685487 1.0 87
1777587685827 1.0 88
1777587686134 1.0 89
1777587686457 1.0 90
1777587686799 1.0 91
1777587687126 1.0 92
1777587687461 1.0 93
1777587687773 1.0 94
1777587688088 1.0 95
1777587688401 1.0 96
1777587688733 1.0 97
1777587689110 1.0 98
1777587689419 1.0 99
1777587658037 1.0 0
