1777587658050 0.0 0
1777587658415 0.0 1
1777587658721 0.0 2
1777587659072 0.0 3
1777587659402 0.0 4
1777587659709 0.0 5
1777587660002 0.0 6
1777587660309 0.0 7
1777587660615 0.0 8
1777587660917 0.0 9
1777587661214 0.0 10
1777587661517 0.0 11
1777587661814 0.0 12
1777587662106 0.0 13
1777587662414 0.0 14
1777587662719 0.0 15
1777587663027 0.0 16
1777587663319 0.0 17
1777587663614 0.0 18
1777587663920 0.0 19
1777587664220 0.0 20
1777587664520 0.0 21
1777587664862 0.0 22
1777587665154 0.0 23
1777587665461 0.0 24
1777587665785 0.0 25
1777587666090 0.0 26
1777587666423 0.0 27
1777587666730 0.0 28
1777587667046 0.0 29
1777587667348 0.0 30
1777587667650 0.0 31
1777587667960 0.0 32
1777587668261 0.0 33
1777587668539 0.0 34
1777587668850 0.0 35
1777587669169 0.0 36
1777587669459 0.0 37
1777587669748 0.0 38
1777587670059 0.0 39
1777587670382 0.0 40
1777587670689 0.0 41
1777587671023 0.0 42
1777587671363 0.0 43
1777587671673 0.0 44
1777587671981 0.0 45
1777587672281 0.0 46
1777587672595 0.0 47
1777587672917 0.0 48
1777587673227 0.0 49
1777587673592 0.0 50
1777587673914 0.0 51
1777587674241 0.0 52
1777587674575 0.0 53
1777587674881 0.0 54
1777587675211 0.0 55
1777587675535 0.0 56
1777587675880 0.0 57
1777587676223 0.0 58
1777587676527 0.0 59
1777587676871 0.0 60
1777587677174 0.0 61
1777587677499 0.0 62
1777587677831 0.0 63
1777587678153 0.0 64
1777587678468 0.0 65
1777587678795 0.0 66
1777587679119 0.0 67
1777587679449 0.0 68
1777587679746 0.0 69
1777587680075 0.0 70
1777587680366 0.0 71
1777587680697 0.0 72
1777587681026 0.0 73
1777587681335 0.0 74
1777587681645 0.0 75
1777587681972 0.0 76
1777587682317 0.0 77
1777587682652 0.0 78
1777587682949 0.0 79
1777587683250 0.0 80
1777587683556 0.0 81
1777587683882 0.0 82
1777587684203 0.0 83
1777587684550 0.0 84
1777587684870 0.0 85
1777587685166 0.0 86
1777587685501 0.0 87
1777587685839 0.0 88
1777587686146 0.0 89
1777587686469 0.0 90
1777587686811 0.0 91
1777587687138 0.0 92
1777587687474 0.0 93
1777587687784 0.0 94
1777587688102 0.0 95
1777587688416 0.0 96
1777587688748 0.0 97
1777587689122 0.0 98
1777587689430 0.0 99
1777587658050 0.0 0
