1777587658042 0.0 0
1777587658406 0.0 1
1777587658712 0.0 2
1777587659063 0.0 3
1777587659394 0.0 4
1777587659701 0.0 5
1777587659993 0.0 6
1777587660301 0.0 7
1777587660607 0.0 8
1777587660910 0.0 9
1777587661206 0.0 10
1777587661508 0.0 11
1777587661806 0.0 12
1777587662097 0.0 13
1777587662407 0.0 14
1777587662711 0.0 15
1777587663018 0.0 16
1777587663310 0.0 17
1777587663607 0.0 18
1777587663912 0.0 19
1777587664213 0.0 20
1777587664511 0.0 21
1777587664853 0.0 22
1777587665146 0.0 23
1777587665450 0.0 24
1777587665777 0.0 25
1777587666081 0.0 26
1777587666416 0.0 27
1777587666722 0.0 28
1777587667036 0.0 29
1777587667340 0.0 30
1777587667642 0.0 31
1777587667951 0.0 32
1777587668254 0.0 33
1777587668531 0.0 34
1777587668842 0.0 35
1777587669162 0.0 36
1777587669451 0.0 37
1777587669741 0.0 38
1777587670050 0.0 39
1777587670374 0.0 40
1777587670679 0.0 41
1777587671014 0.0 42
1777587671354 0.0 43
1777587671664 0.0 44
1777587671973 0.0 45
1777587672274 0.0 46
1777587672587 0.0 47
1777587672909 0.0 48
1777587673218 0.0 49
1777587673584 0.0 50
1777587673905 0.0 51
1777587674231 0.0 52
1777587674567 0.0 53
1777587674872 0.0 54
1777587675203 0.0 55
1777587675527 0.0 56
1777587675871 0.0 57
1777587676214 0.0 58
1777587676517 0.0 59
1777587676863 0.0 60
1777587677167 0.0 61
1777587677491 0.0 62
1777587677821 0.0 63
1777587678145 0.0 64
1777587678459 0.0 65
1777587678786 0.0 66
1777587679111 0.0 67
1777587679440 0.0 68
1777587679738 0.0 69
1777587680066 0.0 70
1777587680356 0.0 71
1777587680688 0.0 72
1777587681018 0.0 73
1777587681326 0.0 74
1777587681635 0.0 75
1777587681963 0.0 76
1777587682308 0.0 77
1777587682645 0.0 78
1777587682941 0.0 79
1777587683242 0.0 80
1777587683548 0.0 81
1777587683874 0.0 82
1777587684195 0.0 83
1777587684540 0.0 84
1777587684863 0.0 85
1777587685158 0.0 86
1777587685492 0.0 87
1777587685831 0.0 88
1777587686138 0.0 89
1777587686461 0.0 90
1777587686803 0.0 91
1777587687130 0.0 92
1777587687465 0.0 93
1777587687777 0.0 94
1777587688092 0.0 95
1777587688406 0.0 96
1777587688739 0.0 97
1777587689113 0.0 98
1777587689423 0.0 99
1777587658042 0.0 0
