1777587658046 0.0 0
1777587658410 0.0 1
1777587658717 0.0 2
1777587659068 0.0 3
1777587659398 0.0 4
1777587659705 0.0 5
1777587659997 0.0 6
1777587660305 0.0 7
1777587660611 0.0 8
1777587660914 0.0 9
1777587661210 0.0 10
1777587661512 0.0 11
1777587661810 0.0 12
1777587662101 0.0 13
1777587662410 0.0 14
1777587662715 0.0 15
1777587663022 0.0 16
1777587663315 0.0 17
1777587663611 0.0 18
1777587663916 0.0 19
1777587664217 0.0 20
1777587664515 0.0 21
1777587664858 0.0 22
1777587665150 0.0 23
1777587665456 0.0 24
1777587665781 0.0 25
1777587666085 0.0 26
1777587666419 0.0 27
1777587666726 0.0 28
1777587667041 0.0 29
1777587667344 0.0 30
1777587667646 0.0 31
1777587667956 0.0 32
1777587668257 0.0 33
1777587668535 0.0 34
1777587668846 0.0 35
1777587669165 0.0 36
1777587669455 0.0 37
1777587669745 0.0 38
1777587670054 0.0 39
1777587670378 0.0 40
1777587670685 0.0 41
1777587671019 0.0 42
1777587671358 0.0 43
1777587671668 0.0 44
1777587671977 0.0 45
1777587672277 0.0 46
1777587672591 0.0 47
1777587672913 0.0 48
1777587673223 0.0 49
1777587673588 0.0 50
1777587673909 0.0 51
1777587674236 0.0 52
1777587674571 0.0 53
1777587674876 0.0 54
1777587675206 0.0 55
1777587675531 0.0 56
1777587675875 0.0 57
1777587676218 0.0 58
1777587676522 0.0 59
1777587676867 0.0 60
1777587677171 0.0 61
1777587677495 0.0 62
1777587677826 0.0 63
1777587678149 0.0 64
1777587678464 0.0 65
1777587678790 0.0 66
1777587679115 0.0 67
1777587679444 0.0 68
1777587679742 0.0 69
1777587680070 0.0 70
1777587680361 0.0 71
1777587680693 0.0 72
1777587681022 0.0 73
1777587681330 0.0 74
1777587681640 0.0 75
1777587681967 0.0 76
1777587682313 0.0 77
1777587682648 0.0 78
1777587682945 0.0 79
1777587683246 0.0 80
1777587683552 0.0 81
1777587683878 0.0 82
1777587684199 0.0 83
1777587684545 0.0 84
1777587684867 0.0 85
1777587685162 0.0 86
1777587685497 0.0 87
1777587685835 0.0 88
1777587686142 0.0 89
1777587686465 0.0 90
1777587686807 0.0 91
1777587687134 0.0 92
1777587687470 0.0 93
1777587687780 0.0 94
1777587688097 0.0 95
1777587688411 0.0 96
1777587688744 0.0 97
1777587689117 0.0 98
1777587689426 0.0 99
1777587658046 0.0 0
