1777213848295 0.7402413058907026 0
1777213848586 0.7345635202271115 1
1777213848856 0.7430801987224982 2
1777213849131 0.7714691270404542 3
1777213849410 0.7835344215755855 4
1777213849691 0.7984386089425124 5
1777213849966 0.808374733853797 6
1777213850246 0.8048261178140526 7
1777213850517 0.8048261178140526 8
1777213850815 0.8055358410220014 9
1777213851106 0.8069552874378992 10
1777213851381 0.8090844570617459 11
1777213851654 0.8090844570617459 12
1777213851927 0.8062455642299503 13
1777213852224 0.8105039034776437 14
1777213852559 0.8105039034776437 15
1777213852852 0.8090844570617459 16
1777213853147 0.808374733853797 17
1777213853459 0.808374733853797 18
1777213853778 0.8090844570617459 19
1777213854106 0.8076650106458482 20
1777213854447 0.8076650106458482 21
1777213854770 0.8076650106458482 22
1777213855074 0.8090844570617459 23
1777213855382 0.8090844570617459 24
1777213855686 0.8090844570617459 25
1777213855972 0.8097941802696949 26
1777213856249 0.8119233498935415 27
1777213856540 0.8112136266855926 28
1777213856851 0.8119233498935415 29
1777213857166 0.8126330731014905 30
1777213857487 0.8119233498935415 31
1777213857818 0.8126330731014905 32
1777213858108 0.8126330731014905 33
1777213858417 0.8119233498935415 34
1777213858701 0.8119233498935415 35
1777213858998 0.8126330731014905 36
1777213859316 0.8133427963094393 37
1777213859637 0.8126330731014905 38
1777213859942 0.8119233498935415 39
1777213860227 0.8112136266855926 40
1777213860519 0.8140525195173882 41
1777213860825 0.8119233498935415 42
1777213861108 0.8126330731014905 43
1777213861429 0.8133427963094393 44
1777213861715 0.8140525195173882 45
1777213861986 0.8147622427253371 46
1777213862275 0.8140525195173882 47
1777213862561 0.8133427963094393 48
1777213862849 0.8147622427253371 49
1777213863131 0.815471965933286 50
1777213863408 0.815471965933286 51
1777213863683 0.815471965933286 52
1777213863956 0.8161816891412349 53
1777213864232 0.815471965933286 54
1777213864504 0.815471965933286 55
1777213864821 0.8126330731014905 56
1777213865094 0.8140525195173882 57
1777213865366 0.8147622427253371 58
1777213865603 0.8133427963094393 59
1777213865857 0.8133427963094393 60
1777213866105 0.8126330731014905 61
1777213866363 0.8126330731014905 62
1777213866603 0.8119233498935415 63
1777213866872 0.8105039034776437 64
1777213867128 0.8126330731014905 65
1777213867357 0.8133427963094393 66
1777213867590 0.8105039034776437 67
1777213867843 0.8147622427253371 68
1777213868069 0.8133427963094393 69
1777213868303 0.8147622427253371 70
1777213868536 0.8147622427253371 71
1777213868769 0.8140525195173882 72
1777213848295 0.7402413058907026 0
