1777213848311 0.05670103092783505 0
1777213848600 0.0 1
1777213848870 0.07179487179487179 2
1777213849145 0.3148936170212766 3
1777213849423 0.4444444444444444 4
1777213849705 0.5328947368421053 5
1777213849981 0.5871559633027523 6
1777213850261 0.6031746031746031 7
1777213850531 0.6132208157524613 8
1777213850832 0.6183844011142061 9
1777213851120 0.6243093922651933 10
1777213851395 0.627939142461964 11
1777213851669 0.6289655172413793 12
1777213851941 0.6265389876880985 13
1777213852242 0.6317241379310344 14
1777213852574 0.6286509040333796 15
1777213852867 0.6258692628650904 16
1777213853162 0.6239554317548747 17
1777213853476 0.6239554317548747 18
1777213853796 0.6248256624825662 19
1777213854124 0.624133148404993 20
1777213854463 0.6302864938608458 21
1777213854785 0.624133148404993 22
1777213855090 0.6269070735090153 23
1777213855397 0.6289655172413793 24
1777213855701 0.6289655172413793 25
1777213855985 0.6298342541436464 26
1777213856266 0.631432545201669 27
1777213856555 0.6346153846153846 28
1777213856866 0.6334716459197787 29
1777213857181 0.6383561643835617 30
1777213857502 0.6344827586206897 31
1777213857834 0.6363636363636364 32
1777213858123 0.6353591160220995 33
1777213858435 0.6364883401920439 34
1777213858716 0.6344827586206897 35
1777213859014 0.6333333333333333 36
1777213859331 0.6321678321678321 37
1777213859655 0.6343490304709142 38
1777213859956 0.631432545201669 39
1777213860241 0.6284916201117319 40
1777213860534 0.6350974930362117 41
1777213860841 0.6324549237170597 42
1777213861129 0.6333333333333333 43
1777213861445 0.6342141863699583 44
1777213861729 0.6320224719101124 45
1777213862000 0.6369958275382476 46
1777213862291 0.6361111111111111 47
1777213862579 0.636237897648686 48
1777213862864 0.6369958275382476 49
1777213863146 0.6358543417366946 50
1777213863423 0.6368715083798883 51
1777213863697 0.637883008356546 52
1777213863970 0.6377622377622377 53
1777213864246 0.6368715083798883 54
1777213864518 0.6358543417366946 55
1777213864836 0.6292134831460674 56
1777213865108 0.6330532212885154 57
1777213865377 0.6339410939691444 58
1777213865616 0.630098452883263 59
1777213865870 0.6311360448807855 60
1777213866119 0.6281690140845071 61
1777213866374 0.6260623229461756 62
1777213866617 0.624113475177305 63
1777213866886 0.6212765957446809 64
1777213867142 0.625 65
1777213867370 0.6269503546099291 66
1777213867601 0.6234132581100141 67
1777213867857 0.6287339971550497 68
1777213868081 0.6258890469416786 69
1777213868316 0.6297872340425532 70
1777213868548 0.6297872340425532 71
1777213868782 0.6299435028248588 72
1777213848311 0.05670103092783505 0
