1777213848301 0.7857142857142857 0
1777213848591 0.0 1
1777213848861 0.875 2
1777213849136 0.7708333333333334 3
1777213849414 0.6971428571428572 4
1777213849695 0.6923076923076923 5
1777213849971 0.6857142857142857 6
1777213850251 0.6551724137931034 7
1777213850522 0.6468842729970327 8
1777213850820 0.6453488372093024 9
1777213851111 0.6457142857142857 10
1777213851386 0.6504297994269341 11
1777213851659 0.6495726495726496 12
1777213851932 0.6414565826330533 13
1777213852230 0.6524216524216524 14
1777213852563 0.6550724637681159 15
1777213852858 0.6521739130434783 16
1777213853153 0.6511627906976745 17
1777213853463 0.6511627906976745 18
1777213853784 0.6530612244897959 19
1777213854112 0.6484149855907781 20
1777213854452 0.6434540389972145 21
1777213854775 0.6484149855907781 22
1777213855080 0.6512968299711815 23
1777213855387 0.6495726495726496 24
1777213855691 0.6495726495726496 25
1777213855977 0.6514285714285715 26
1777213856253 0.6579710144927536 27
1777213856545 0.652542372881356 28
1777213856856 0.6561604584527221 29
1777213857171 0.6544943820224719 30
1777213857492 0.6552706552706553 31
1777213857824 0.65625 32
1777213858113 0.6571428571428571 33
1777213858423 0.6535211267605634 34
1777213858706 0.6552706552706553 35
1777213859004 0.6589595375722543 36
1777213859321 0.6627565982404692 37
1777213859643 0.6580459770114943 38
1777213859947 0.6579710144927536 39
1777213860231 0.6578947368421053 40
1777213860524 0.6627906976744186 41
1777213860831 0.6570605187319885 42
1777213861115 0.6589595375722543 43
1777213861434 0.6608695652173913 44
1777213861720 0.665680473372781 45
1777213861991 0.663768115942029 46
1777213862279 0.661849710982659 47
1777213862568 0.6590257879656161 48
1777213862854 0.663768115942029 49
1777213863136 0.6676470588235294 50
1777213863413 0.6666666666666666 51
1777213863688 0.6656976744186046 52
1777213863960 0.6686217008797654 53
1777213864237 0.6666666666666666 54
1777213864509 0.6676470588235294 55
1777213864826 0.6627218934911243 56
1777213865100 0.6647058823529411 57
1777213865370 0.6666666666666666 58
1777213865608 0.6646884272997032 59
1777213865861 0.6637168141592921 60
1777213866110 0.6636904761904762 61
1777213866367 0.6656626506024096 62
1777213866608 0.6646525679758308 63
1777213866876 0.6616314199395771 64
1777213867133 0.6666666666666666 65
1777213867361 0.6676737160120846 66
1777213867593 0.6597014925373135 67
1777213867848 0.6717325227963525 68
1777213868073 0.668693009118541 69
1777213868307 0.6706948640483383 70
1777213868540 0.6706948640483383 71
1777213868773 0.6676646706586826 72
1777213848301 0.7857142857142857 0
