1777213848306 0.029411764705882353 0
1777213848595 0.0 1
1777213848865 0.0374331550802139 2
1777213849141 0.19786096256684493 3
1777213849419 0.32620320855614976 4
1777213849700 0.43315508021390375 5
1777213849976 0.5133689839572193 6
1777213850256 0.5588235294117647 7
1777213850526 0.5828877005347594 8
1777213850828 0.5935828877005348 9
1777213851115 0.6042780748663101 10
1777213851390 0.606951871657754 11
1777213851664 0.6096256684491979 12
1777213851936 0.6122994652406417 13
1777213852236 0.6122994652406417 14
1777213852568 0.6042780748663101 15
1777213852862 0.6016042780748663 16
1777213853158 0.5989304812834224 17
1777213853470 0.5989304812834224 18
1777213853790 0.5989304812834224 19
1777213854118 0.6016042780748663 20
1777213854457 0.6176470588235294 21
1777213854780 0.6016042780748663 22
1777213855085 0.6042780748663101 23
1777213855392 0.6096256684491979 24
1777213855697 0.6096256684491979 25
1777213855980 0.6096256684491979 26
1777213856259 0.606951871657754 27
1777213856550 0.6176470588235294 28
1777213856861 0.6122994652406417 29
1777213857176 0.6229946524064172 30
1777213857497 0.6149732620320856 31
1777213857829 0.6176470588235294 32
1777213858118 0.6149732620320856 33
1777213858429 0.6203208556149733 34
1777213858711 0.6149732620320856 35
1777213859009 0.6096256684491979 36
1777213859326 0.6042780748663101 37
1777213859648 0.6122994652406417 38
1777213859951 0.606951871657754 39
1777213860236 0.6016042780748663 40
1777213860529 0.6096256684491979 41
1777213860836 0.6096256684491979 42
1777213861122 0.6096256684491979 43
1777213861440 0.6096256684491979 44
1777213861724 0.6016042780748663 45
1777213861996 0.6122994652406417 46
1777213862285 0.6122994652406417 47
1777213862574 0.6149732620320856 48
1777213862859 0.6122994652406417 49
1777213863141 0.606951871657754 50
1777213863418 0.6096256684491979 51
1777213863692 0.6122994652406417 52
1777213863965 0.6096256684491979 53
1777213864241 0.6096256684491979 54
1777213864514 0.606951871657754 55
1777213864831 0.5989304812834224 56
1777213865104 0.6042780748663101 57
1777213865373 0.6042780748663101 58
1777213865612 0.5989304812834224 59
1777213865866 0.6016042780748663 60
1777213866115 0.5962566844919787 61
1777213866371 0.5909090909090909 62
1777213866613 0.5882352941176471 63
1777213866881 0.5855614973262032 64
1777213867137 0.5882352941176471 65
1777213867366 0.5909090909090909 66
1777213867597 0.5909090909090909 67
1777213867852 0.5909090909090909 68
1777213868077 0.5882352941176471 69
1777213868311 0.5935828877005348 70
1777213868544 0.5935828877005348 71
1777213868778 0.5962566844919787 72
1777213848306 0.029411764705882353 0
