1777213848285 0.6629761659492881 0
1777213848576 0.5568938581956981 1
1777213848846 0.4929690280203092 2
1777213849121 0.46625713052722695 3
1777213849400 0.4567862269231829 4
1777213849678 0.4420092135331051 5
1777213849955 0.4376897075250324 6
1777213850237 0.4348633835713069 7
1777213850508 0.4288844287732227 8
1777213850802 0.4237416838690386 9
1777213851097 0.4222759978245881 10
1777213851371 0.42048692501197427 11
1777213851645 0.41839352974110405 12
1777213851917 0.417881192460572 13
1777213852213 0.41496204210203247 14
1777213852548 0.41607042574613107 15
1777213852842 0.419486084816146 16
1777213853134 0.41243651526122443 17
1777213853449 0.41631408448273177 18
1777213853767 0.4109185913861808 19
1777213854096 0.4152834617485434 20
1777213854436 0.4254733611129772 21
1777213854759 0.41126120949195605 22
1777213855063 0.4110271190266825 23
1777213855373 0.4171265209630384 24
1777213855676 0.40776763780642367 25
1777213855962 0.4090111167249033 26
1777213856239 0.414363990143194 27
1777213856529 0.4032462037215799 28
1777213856842 0.4044304865565004 29
1777213857156 0.40826143349631355 30
1777213857476 0.4071850762360514 31
1777213857806 0.40699363487251733 32
1777213858097 0.4011956431013716 33
1777213858405 0.4131720534994104 34
1777213858692 0.40525971525638116 35
1777213858987 0.4064610504497916 36
1777213859307 0.4066249250018664 37
1777213859626 0.40379518388354846 38
1777213859932 0.40487454738994105 39
1777213860216 0.40221653011559094 40
1777213860509 0.4055446995853704 41
1777213860815 0.3988316705224162 42
1777213861098 0.40213070793003686 43
1777213861419 0.4056281130024269 44
1777213861705 0.4074922865730221 45
1777213861976 0.40084205075340756 46
1777213862264 0.4009838867827324 47
1777213862549 0.39777293153065074 48
1777213862839 0.39759903597924334 49
1777213863121 0.40150085790345896 50
1777213863398 0.39967681703257696 51
1777213863673 0.4008258307552607 52
1777213863946 0.3981126299348928 53
1777213864223 0.398101167658628 54
1777213864494 0.4056505512888149 55
1777213864810 0.3999547939010933 56
1777213865085 0.39887157351957203 57
1777213865357 0.3996091464818534 58
1777213865592 0.39690666222723864 59
1777213865846 0.3974512311193229 60
1777213866096 0.40122448051043147 61
1777213866355 0.3957729298768744 62
1777213866594 0.3976353687250008 63
1777213866860 0.40229911874916596 64
1777213867119 0.3981541367405552 65
1777213867348 0.3996522190880641 66
1777213867582 0.39816600303191924 67
1777213867833 0.39895544845168873 68
1777213868062 0.39867270750514533 69
1777213868295 0.3965893191848434 70
1777213868528 0.3972731458265229 71
1777213868759 0.39812620464017834 72
1777213848285 0.6629761659492881 0
