1777149390334 0.4876748944850678 0
1777149390392 0.09068250247931227 1
1777149390459 0.017851895692342138 2
1777149390526 0.007366556991288003 3
1777149390591 0.004510129195083171 4
1777149390655 0.002505188345899211 5
1777149390709 0.0017014799907090182 6
1777149390766 0.0010544223168448723 7
1777149390821 0.0007902135548647493 8
1777149390877 0.0006059791023986652 9
1777149390942 0.0004875610175076872 10
1777149390999 0.0004361529894633853 11
1777149391057 0.00034103299177776865 12
1777149391111 0.0003024710757482024 13
1777149391172 0.0002466806662151283 14
1777149391238 0.000312471542937156 15
1777149391309 0.00019920519991230436 16
1777149391381 0.0002752060296343382 17
1777149391440 0.00020835622900507433 18
1777149391504 0.00016088186288122435 19
1777149391563 0.00018446234265711417 20
1777149391621 0.00020156422373900646 21
1777149391675 0.00013625415878313436 22
1777149391733 0.00011975715828389474 23
1777149391790 0.00012441961398314773 24
1777149391853 0.00010263580828750298 25
1777149391911 0.00011341731587503517 26
1777149391973 0.00011972924343392655 27
1777149392048 0.00011404563963182266 28
1777149392107 9.969228114564334e-05 29
1777149392173 9.13707984985175e-05 30
1777149392229 9.44290967264022e-05 31
1777149392282 0.00011813867054792974 32
1777149392339 8.525504210139959e-05 33
1777149392399 5.9810226362737634e-05 34
1777149392460 8.170774235792278e-05 35
1777149392518 8.748519032567546e-05 36
1777149392573 0.00012250999036544447 37
1777149392633 6.359821590523736e-05 38
1777149392696 6.059922626225168e-05 39
1777149392763 4.070389120975148e-05 40
1777149392828 4.5789636453961024e-05 41
1777149392882 4.3798781350833064e-05 42
1777149392945 5.3766569287309974e-05 43
1777149393001 3.942708776002233e-05 44
1777149393061 4.324536662545839e-05 45
1777149393115 6.773605279723848e-05 46
1777149393169 6.735891133757832e-05 47
1777149393224 4.143324736347456e-05 48
1777149393279 3.0370524563237424e-05 49
1777149390334 0.4876748944850678 0
