1777213488282 0.7402413058907026 0
1777213488525 0.7345635202271115 1
1777213488774 0.7430801987224982 2
1777213488998 0.7714691270404542 3
1777213489219 0.7835344215755855 4
1777213489449 0.7984386089425124 5
1777213489670 0.808374733853797 6
1777213489920 0.8048261178140526 7
1777213490141 0.8048261178140526 8
1777213490378 0.8055358410220014 9
1777213490626 0.8069552874378992 10
1777213490857 0.8090844570617459 11
1777213491078 0.8090844570617459 12
1777213491302 0.8062455642299503 13
1777213491542 0.8105039034776437 14
1777213491778 0.8105039034776437 15
1777213492016 0.8090844570617459 16
1777213492266 0.808374733853797 17
1777213492517 0.808374733853797 18
1777213492767 0.8090844570617459 19
1777213493007 0.8076650106458482 20
1777213493268 0.8076650106458482 21
1777213493510 0.8076650106458482 22
1777213493739 0.8090844570617459 23
1777213493989 0.8090844570617459 24
1777213494232 0.8090844570617459 25
1777213494477 0.8097941802696949 26
1777213494697 0.8119233498935415 27
1777213494943 0.8112136266855926 28
1777213495183 0.8119233498935415 29
1777213495409 0.8126330731014905 30
1777213495625 0.8119233498935415 31
1777213495841 0.8126330731014905 32
1777213496069 0.8126330731014905 33
1777213496298 0.8119233498935415 34
1777213496516 0.8119233498935415 35
1777213496743 0.8126330731014905 36
1777213496960 0.8133427963094393 37
1777213497179 0.8126330731014905 38
1777213497412 0.8119233498935415 39
1777213497650 0.8112136266855926 40
1777213497862 0.8140525195173882 41
1777213498087 0.8119233498935415 42
1777213498297 0.8126330731014905 43
1777213498527 0.8133427963094393 44
1777213498760 0.8140525195173882 45
1777213498979 0.8147622427253371 46
1777213499195 0.8140525195173882 47
1777213499420 0.8133427963094393 48
1777213499674 0.8147622427253371 49
1777213499923 0.815471965933286 50
1777213500160 0.815471965933286 51
1777213500371 0.815471965933286 52
1777213500607 0.8161816891412349 53
1777213500834 0.815471965933286 54
1777213501053 0.815471965933286 55
1777213501274 0.8126330731014905 56
1777213501505 0.8140525195173882 57
1777213501725 0.8147622427253371 58
1777213501958 0.8133427963094393 59
1777213502188 0.8133427963094393 60
1777213502415 0.8126330731014905 61
1777213502654 0.8126330731014905 62
1777213502884 0.8119233498935415 63
1777213503112 0.8105039034776437 64
1777213503331 0.8126330731014905 65
1777213503552 0.8133427963094393 66
1777213503779 0.8105039034776437 67
1777213503998 0.8147622427253371 68
1777213504227 0.8133427963094393 69
1777213504447 0.8147622427253371 70
1777213504672 0.8147622427253371 71
1777213504907 0.8140525195173882 72
1777213488282 0.7402413058907026 0
