1777213488295 0.05670103092783505 0
1777213488540 0.0 1
1777213488786 0.07179487179487179 2
1777213489009 0.3148936170212766 3
1777213489230 0.4444444444444444 4
1777213489462 0.5328947368421053 5
1777213489683 0.5871559633027523 6
1777213489932 0.6031746031746031 7
1777213490154 0.6132208157524613 8
1777213490391 0.6183844011142061 9
1777213490638 0.6243093922651933 10
1777213490870 0.627939142461964 11
1777213491090 0.6289655172413793 12
1777213491315 0.6265389876880985 13
1777213491554 0.6317241379310344 14
1777213491792 0.6286509040333796 15
1777213492030 0.6258692628650904 16
1777213492279 0.6239554317548747 17
1777213492532 0.6239554317548747 18
1777213492779 0.6248256624825662 19
1777213493020 0.624133148404993 20
1777213493282 0.6302864938608458 21
1777213493523 0.624133148404993 22
1777213493753 0.6269070735090153 23
1777213494001 0.6289655172413793 24
1777213494247 0.6289655172413793 25
1777213494488 0.6298342541436464 26
1777213494711 0.631432545201669 27
1777213494956 0.6346153846153846 28
1777213495195 0.6334716459197787 29
1777213495421 0.6383561643835617 30
1777213495637 0.6344827586206897 31
1777213495853 0.6363636363636364 32
1777213496083 0.6353591160220995 33
1777213496311 0.6364883401920439 34
1777213496528 0.6344827586206897 35
1777213496755 0.6333333333333333 36
1777213496974 0.6321678321678321 37
1777213497191 0.6343490304709142 38
1777213497426 0.631432545201669 39
1777213497662 0.6284916201117319 40
1777213497875 0.6350974930362117 41
1777213498101 0.6324549237170597 42
1777213498312 0.6333333333333333 43
1777213498539 0.6342141863699583 44
1777213498773 0.6320224719101124 45
1777213498991 0.6369958275382476 46
1777213499206 0.6361111111111111 47
1777213499434 0.636237897648686 48
1777213499688 0.6369958275382476 49
1777213499935 0.6358543417366946 50
1777213500172 0.6368715083798883 51
1777213500382 0.637883008356546 52
1777213500620 0.6377622377622377 53
1777213500848 0.6368715083798883 54
1777213501064 0.6358543417366946 55
1777213501288 0.6292134831460674 56
1777213501517 0.6330532212885154 57
1777213501737 0.6339410939691444 58
1777213501970 0.630098452883263 59
1777213502202 0.6311360448807855 60
1777213502429 0.6281690140845071 61
1777213502668 0.6260623229461756 62
1777213502897 0.624113475177305 63
1777213503124 0.6212765957446809 64
1777213503342 0.625 65
1777213503564 0.6269503546099291 66
1777213503790 0.6234132581100141 67
1777213504009 0.6287339971550497 68
1777213504240 0.6258890469416786 69
1777213504459 0.6297872340425532 70
1777213504684 0.6297872340425532 71
1777213504921 0.6299435028248588 72
1777213488295 0.05670103092783505 0
