1777213488287 0.7857142857142857 0
1777213488530 0.0 1
1777213488778 0.875 2
1777213489002 0.7708333333333334 3
1777213489223 0.6971428571428572 4
1777213489453 0.6923076923076923 5
1777213489674 0.6857142857142857 6
1777213489924 0.6551724137931034 7
1777213490145 0.6468842729970327 8
1777213490382 0.6453488372093024 9
1777213490630 0.6457142857142857 10
1777213490861 0.6504297994269341 11
1777213491082 0.6495726495726496 12
1777213491306 0.6414565826330533 13
1777213491546 0.6524216524216524 14
1777213491782 0.6550724637681159 15
1777213492021 0.6521739130434783 16
1777213492270 0.6511627906976745 17
1777213492522 0.6511627906976745 18
1777213492772 0.6530612244897959 19
1777213493012 0.6484149855907781 20
1777213493273 0.6434540389972145 21
1777213493515 0.6484149855907781 22
1777213493744 0.6512968299711815 23
1777213493993 0.6495726495726496 24
1777213494237 0.6495726495726496 25
1777213494481 0.6514285714285715 26
1777213494702 0.6579710144927536 27
1777213494947 0.652542372881356 28
1777213495187 0.6561604584527221 29
1777213495413 0.6544943820224719 30
1777213495629 0.6552706552706553 31
1777213495845 0.65625 32
1777213496074 0.6571428571428571 33
1777213496303 0.6535211267605634 34
1777213496520 0.6552706552706553 35
1777213496747 0.6589595375722543 36
1777213496965 0.6627565982404692 37
1777213497183 0.6580459770114943 38
1777213497417 0.6579710144927536 39
1777213497654 0.6578947368421053 40
1777213497867 0.6627906976744186 41
1777213498092 0.6570605187319885 42
1777213498301 0.6589595375722543 43
1777213498531 0.6608695652173913 44
1777213498765 0.665680473372781 45
1777213498983 0.663768115942029 46
1777213499198 0.661849710982659 47
1777213499424 0.6590257879656161 48
1777213499679 0.663768115942029 49
1777213499927 0.6676470588235294 50
1777213500164 0.6666666666666666 51
1777213500374 0.6656976744186046 52
1777213500611 0.6686217008797654 53
1777213500838 0.6666666666666666 54
1777213501056 0.6676470588235294 55
1777213501279 0.6627218934911243 56
1777213501509 0.6647058823529411 57
1777213501730 0.6666666666666666 58
1777213501962 0.6646884272997032 59
1777213502192 0.6637168141592921 60
1777213502420 0.6636904761904762 61
1777213502659 0.6656626506024096 62
1777213502888 0.6646525679758308 63
1777213503116 0.6616314199395771 64
1777213503335 0.6666666666666666 65
1777213503556 0.6676737160120846 66
1777213503783 0.6597014925373135 67
1777213504002 0.6717325227963525 68
1777213504230 0.668693009118541 69
1777213504451 0.6706948640483383 70
1777213504676 0.6706948640483383 71
1777213504912 0.6676646706586826 72
1777213488287 0.7857142857142857 0
