1777213488291 0.029411764705882353 0
1777213488535 0.0 1
1777213488782 0.0374331550802139 2
1777213489005 0.19786096256684493 3
1777213489227 0.32620320855614976 4
1777213489457 0.43315508021390375 5
1777213489679 0.5133689839572193 6
1777213489928 0.5588235294117647 7
1777213490149 0.5828877005347594 8
1777213490386 0.5935828877005348 9
1777213490634 0.6042780748663101 10
1777213490865 0.606951871657754 11
1777213491086 0.6096256684491979 12
1777213491310 0.6122994652406417 13
1777213491550 0.6122994652406417 14
1777213491787 0.6042780748663101 15
1777213492025 0.6016042780748663 16
1777213492275 0.5989304812834224 17
1777213492527 0.5989304812834224 18
1777213492775 0.5989304812834224 19
1777213493016 0.6016042780748663 20
1777213493278 0.6176470588235294 21
1777213493519 0.6016042780748663 22
1777213493748 0.6042780748663101 23
1777213493997 0.6096256684491979 24
1777213494242 0.6096256684491979 25
1777213494485 0.6096256684491979 26
1777213494706 0.606951871657754 27
1777213494952 0.6176470588235294 28
1777213495191 0.6122994652406417 29
1777213495417 0.6229946524064172 30
1777213495633 0.6149732620320856 31
1777213495849 0.6176470588235294 32
1777213496079 0.6149732620320856 33
1777213496307 0.6203208556149733 34
1777213496524 0.6149732620320856 35
1777213496751 0.6096256684491979 36
1777213496970 0.6042780748663101 37
1777213497187 0.6122994652406417 38
1777213497421 0.606951871657754 39
1777213497658 0.6016042780748663 40
1777213497871 0.6096256684491979 41
1777213498097 0.6096256684491979 42
1777213498306 0.6096256684491979 43
1777213498535 0.6096256684491979 44
1777213498768 0.6016042780748663 45
1777213498987 0.6122994652406417 46
1777213499202 0.6122994652406417 47
1777213499429 0.6149732620320856 48
1777213499683 0.6122994652406417 49
1777213499931 0.606951871657754 50
1777213500168 0.6096256684491979 51
1777213500378 0.6122994652406417 52
1777213500615 0.6096256684491979 53
1777213500843 0.6096256684491979 54
1777213501060 0.606951871657754 55
1777213501284 0.5989304812834224 56
1777213501513 0.6042780748663101 57
1777213501733 0.6042780748663101 58
1777213501966 0.5989304812834224 59
1777213502197 0.6016042780748663 60
1777213502425 0.5962566844919787 61
1777213502664 0.5909090909090909 62
1777213502893 0.5882352941176471 63
1777213503120 0.5855614973262032 64
1777213503338 0.5882352941176471 65
1777213503560 0.5909090909090909 66
1777213503787 0.5909090909090909 67
1777213504006 0.5909090909090909 68
1777213504235 0.5882352941176471 69
1777213504455 0.5935828877005348 70
1777213504680 0.5935828877005348 71
1777213504917 0.5962566844919787 72
1777213488291 0.029411764705882353 0
