1777588378347 0.7995735607675906 0
1777588378586 0.9111584932480455 1
1777588378852 0.9737029140014215 2
1777588379105 0.9928926794598436 3
1777588379343 0.997867803837953 4
1777588379596 1.0 5
1777588379834 1.0 6
1777588380085 1.0 7
1777588380341 1.0 8
1777588380592 1.0 9
1777588380851 1.0 10
1777588381107 1.0 11
1777588381348 1.0 12
1777588381589 1.0 13
1777588381831 1.0 14
1777588382081 1.0 15
1777588382316 1.0 16
1777588382565 1.0 17
1777588382822 1.0 18
1777588383060 1.0 19
1777588383310 1.0 20
1777588383546 1.0 21
1777588383801 1.0 22
1777588384035 1.0 23
1777588384305 1.0 24
1777588384559 1.0 25
1777588384788 1.0 26
1777588385036 1.0 27
1777588385268 1.0 28
1777588385497 1.0 29
1777588385734 1.0 30
1777588385962 1.0 31
1777588386213 1.0 32
1777588386460 1.0 33
1777588386711 1.0 34
1777588386966 1.0 35
1777588387190 1.0 36
1777588387508 1.0 37
1777588387778 1.0 38
1777588388046 1.0 39
1777588388359 1.0 40
1777588388610 1.0 41
1777588388883 1.0 42
1777588389152 1.0 43
1777588389374 1.0 44
1777588389628 1.0 45
1777588389863 1.0 46
1777588390097 1.0 47
1777588390323 1.0 48
1777588390547 1.0 49
1777588390803 1.0 50
1777588391041 1.0 51
1777588391291 1.0 52
1777588391527 1.0 53
1777588391754 1.0 54
1777588391989 1.0 55
1777588392224 1.0 56
1777588392489 1.0 57
1777588392771 1.0 58
1777588393048 1.0 59
1777588393321 1.0 60
1777588393689 1.0 61
1777588393977 1.0 62
1777588394269 1.0 63
1777588394579 1.0 64
1777588394919 1.0 65
1777588395198 1.0 66
1777588395469 1.0 67
1777588395753 1.0 68
1777588396014 1.0 69
1777588396278 1.0 70
1777588396537 1.0 71
1777588396802 1.0 72
1777588397093 1.0 73
1777588397374 1.0 74
1777588397634 1.0 75
1777588397915 1.0 76
1777588398202 1.0 77
1777588398470 1.0 78
1777588398722 1.0 79
1777588398988 1.0 80
1777588399264 1.0 81
1777588399553 1.0 82
1777588399837 1.0 83
1777588400108 1.0 84
1777588400374 1.0 85
1777588400625 1.0 86
1777588400885 1.0 87
1777588401161 1.0 88
1777588401416 1.0 89
1777588401668 1.0 90
1777588401922 1.0 91
1777588402212 1.0 92
1777588402530 1.0 93
1777588402803 1.0 94
1777588403075 1.0 95
1777588403359 1.0 96
1777588403658 1.0 97
1777588403932 1.0 98
1777588404213 1.0 99
1777588378347 0.7995735607675906 0
