1777588378360 0.3188405797101449 0
1777588378599 0.7810858143607706 1
1777588378866 0.9438543247344461 2
1777588379117 0.9854227405247813 3
1777588379354 0.9956709956709957 4
1777588379609 1.0 5
1777588379845 1.0 6
1777588380097 1.0 7
1777588380355 1.0 8
1777588380606 1.0 9
1777588380864 1.0 10
1777588381122 1.0 11
1777588381362 1.0 12
1777588381600 1.0 13
1777588381845 1.0 14
1777588382092 1.0 15
1777588382330 1.0 16
1777588382577 1.0 17
1777588382834 1.0 18
1777588383071 1.0 19
1777588383322 1.0 20
1777588383559 1.0 21
1777588383812 1.0 22
1777588384047 1.0 23
1777588384320 1.0 24
1777588384571 1.0 25
1777588384800 1.0 26
1777588385049 1.0 27
1777588385280 1.0 28
1777588385508 1.0 29
1777588385747 1.0 30
1777588385979 1.0 31
1777588386225 1.0 32
1777588386472 1.0 33
1777588386726 1.0 34
1777588386977 1.0 35
1777588387203 1.0 36
1777588387521 1.0 37
1777588387793 1.0 38
1777588388059 1.0 39
1777588388374 1.0 40
1777588388624 1.0 41
1777588388899 1.0 42
1777588389164 1.0 43
1777588389386 1.0 44
1777588389640 1.0 45
1777588389874 1.0 46
1777588390110 1.0 47
1777588390335 1.0 48
1777588390561 1.0 49
1777588390816 1.0 50
1777588391056 1.0 51
1777588391302 1.0 52
1777588391540 1.0 53
1777588391767 1.0 54
1777588392001 1.0 55
1777588392235 1.0 56
1777588392503 1.0 57
1777588392786 1.0 58
1777588393062 1.0 59
1777588393337 1.0 60
1777588393704 1.0 61
1777588393991 1.0 62
1777588394282 1.0 63
1777588394596 1.0 64
1777588394934 1.0 65
1777588395212 1.0 66
1777588395486 1.0 67
1777588395767 1.0 68
1777588396026 1.0 69
1777588396291 1.0 70
1777588396550 1.0 71
1777588396816 1.0 72
1777588397108 1.0 73
1777588397388 1.0 74
1777588397648 1.0 75
1777588397930 1.0 76
1777588398217 1.0 77
1777588398484 1.0 78
1777588398735 1.0 79
1777588399001 1.0 80
1777588399282 1.0 81
1777588399569 1.0 82
1777588399852 1.0 83
1777588400122 1.0 84
1777588400388 1.0 85
1777588400638 1.0 86
1777588400899 1.0 87
1777588401173 1.0 88
1777588401430 1.0 89
1777588401679 1.0 90
1777588401938 1.0 91
1777588402227 1.0 92
1777588402544 1.0 93
1777588402818 1.0 94
1777588403090 1.0 95
1777588403375 1.0 96
1777588403672 1.0 97
1777588403947 1.0 98
1777588404228 1.0 99
1777588378360 0.3188405797101449 0
