1777588378351 1.0 0
1777588378591 1.0 1
1777588378856 1.0 2
1777588379109 1.0 3
1777588379346 1.0 4
1777588379600 1.0 5
1777588379838 1.0 6
1777588380089 1.0 7
1777588380345 1.0 8
1777588380597 1.0 9
1777588380855 1.0 10
1777588381113 1.0 11
1777588381353 1.0 12
1777588381593 1.0 13
1777588381836 1.0 14
1777588382085 1.0 15
1777588382320 1.0 16
1777588382568 1.0 17
1777588382826 1.0 18
1777588383064 1.0 19
1777588383314 1.0 20
1777588383550 1.0 21
1777588383805 1.0 22
1777588384039 1.0 23
1777588384310 1.0 24
1777588384564 1.0 25
1777588384792 1.0 26
1777588385040 1.0 27
1777588385272 1.0 28
1777588385500 1.0 29
1777588385739 1.0 30
1777588385968 1.0 31
1777588386217 1.0 32
1777588386465 1.0 33
1777588386716 1.0 34
1777588386970 1.0 35
1777588387194 1.0 36
1777588387513 1.0 37
1777588387783 1.0 38
1777588388050 1.0 39
1777588388364 1.0 40
1777588388615 1.0 41
1777588388888 1.0 42
1777588389156 1.0 43
1777588389378 1.0 44
1777588389632 1.0 45
1777588389867 1.0 46
1777588390101 1.0 47
1777588390327 1.0 48
1777588390552 1.0 49
1777588390807 1.0 50
1777588391046 1.0 51
1777588391295 1.0 52
1777588391531 1.0 53
1777588391758 1.0 54
1777588391993 1.0 55
1777588392227 1.0 56
1777588392494 1.0 57
1777588392776 1.0 58
1777588393053 1.0 59
1777588393326 1.0 60
1777588393694 1.0 61
1777588393982 1.0 62
1777588394273 1.0 63
1777588394584 1.0 64
1777588394924 1.0 65
1777588395203 1.0 66
1777588395475 1.0 67
1777588395758 1.0 68
1777588396018 1.0 69
1777588396283 1.0 70
1777588396541 1.0 71
1777588396806 1.0 72
1777588397098 1.0 73
1777588397378 1.0 74
1777588397638 1.0 75
1777588397920 1.0 76
1777588398207 1.0 77
1777588398475 1.0 78
1777588398726 1.0 79
1777588398992 1.0 80
1777588399270 1.0 81
1777588399559 1.0 82
1777588399841 1.0 83
1777588400112 1.0 84
1777588400378 1.0 85
1777588400630 1.0 86
1777588400890 1.0 87
1777588401166 1.0 88
1777588401421 1.0 89
1777588401671 1.0 90
1777588401927 1.0 91
1777588402217 1.0 92
1777588402535 1.0 93
1777588402808 1.0 94
1777588403080 1.0 95
1777588403364 1.0 96
1777588403662 1.0 97
1777588403937 1.0 98
1777588404218 1.0 99
1777588378351 1.0 0
