1777588378355 0.1896551724137931 0
1777588378595 0.6408045977011494 1
1777588378861 0.8936781609195402 2
1777588379113 0.9712643678160919 3
1777588379350 0.9913793103448276 4
1777588379605 1.0 5
1777588379841 1.0 6
1777588380094 1.0 7
1777588380350 1.0 8
1777588380602 1.0 9
1777588380860 1.0 10
1777588381118 1.0 11
1777588381358 1.0 12
1777588381597 1.0 13
1777588381840 1.0 14
1777588382088 1.0 15
1777588382325 1.0 16
1777588382573 1.0 17
1777588382830 1.0 18
1777588383068 1.0 19
1777588383318 1.0 20
1777588383554 1.0 21
1777588383809 1.0 22
1777588384043 1.0 23
1777588384315 1.0 24
1777588384568 1.0 25
1777588384796 1.0 26
1777588385045 1.0 27
1777588385276 1.0 28
1777588385504 1.0 29
1777588385743 1.0 30
1777588385973 1.0 31
1777588386221 1.0 32
1777588386469 1.0 33
1777588386720 1.0 34
1777588386974 1.0 35
1777588387199 1.0 36
1777588387517 1.0 37
1777588387789 1.0 38
1777588388054 1.0 39
1777588388369 1.0 40
1777588388619 1.0 41
1777588388894 1.0 42
1777588389160 1.0 43
1777588389382 1.0 44
1777588389636 1.0 45
1777588389871 1.0 46
1777588390105 1.0 47
1777588390331 1.0 48
1777588390556 1.0 49
1777588390812 1.0 50
1777588391052 1.0 51
1777588391298 1.0 52
1777588391536 1.0 53
1777588391762 1.0 54
1777588391997 1.0 55
1777588392231 1.0 56
1777588392499 1.0 57
1777588392781 1.0 58
1777588393058 1.0 59
1777588393332 1.0 60
1777588393699 1.0 61
1777588393987 1.0 62
1777588394277 1.0 63
1777588394590 1.0 64
1777588394929 1.0 65
1777588395207 1.0 66
1777588395481 1.0 67
1777588395762 1.0 68
1777588396022 1.0 69
1777588396286 1.0 70
1777588396545 1.0 71
1777588396811 1.0 72
1777588397103 1.0 73
1777588397383 1.0 74
1777588397643 1.0 75
1777588397925 1.0 76
1777588398212 1.0 77
1777588398479 1.0 78
1777588398730 1.0 79
1777588398996 1.0 80
1777588399276 1.0 81
1777588399564 1.0 82
1777588399846 1.0 83
1777588400117 1.0 84
1777588400383 1.0 85
1777588400634 1.0 86
1777588400895 1.0 87
1777588401170 1.0 88
1777588401425 1.0 89
1777588401675 1.0 90
1777588401933 1.0 91
1777588402222 1.0 92
1777588402539 1.0 93
1777588402813 1.0 94
1777588403085 1.0 95
1777588403369 1.0 96
1777588403667 1.0 97
1777588403942 1.0 98
1777588404223 1.0 99
1777588378355 0.1896551724137931 0
