1777149959946 0.39265316376026643 0
1777149960022 0.04467183908328731 1
1777149960091 0.006971005241366777 2
1777149960152 0.00324700835923803 3
1777149960229 0.0019623020346811477 4
1777149960318 0.0013490194514235282 5
1777149960388 0.0009765303644173323 6
1777149960454 0.0007151613220017641 7
1777149960525 0.0006037066517858468 8
1777149960595 0.0004484912051145542 9
1777149960677 0.00042185979056855703 10
1777149960755 0.0003352417097243659 11
1777149960829 0.0002721007606831994 12
1777149960898 0.0002375776470642527 13
1777149960969 0.0001987838494390784 14
1777149961033 0.00020811947785872727 15
1777149961099 0.000155988976481975 16
1777149961159 0.0001621189895036452 17
1777149961225 0.00012251603615407068 18
1777149961288 0.00011321378878300436 19
1777149961357 9.806811934314727e-05 20
1777149961419 0.00010012993914913634 21
1777149961486 9.271676935895812e-05 22
1777149961551 8.037114848582163e-05 23
1777149961614 9.199385517313978e-05 24
1777149961698 7.824442702180835e-05 25
1777149961753 6.861081692477455e-05 26
1777149961808 5.245402621283652e-05 27
1777149961866 5.128997087167784e-05 28
1777149961923 5.882770497880708e-05 29
1777149961990 4.4239484811848166e-05 30
1777149962052 4.838624279224685e-05 31
1777149962114 4.721376525923644e-05 32
1777149962170 5.6152772869725284e-05 33
1777149962227 4.2431639756498355e-05 34
1777149962284 3.193593868266536e-05 35
1777149962344 3.64538604929855e-05 36
1777149962400 3.303666563682627e-05 37
1777149962457 3.2133283465109924e-05 38
1777149962517 2.9261669159824763e-05 39
1777149962581 2.878380243426828e-05 40
1777149962639 2.853382692534224e-05 41
1777149962704 3.0614610760165575e-05 42
1777149962769 2.305188682510832e-05 43
1777149962827 2.0686975413480738e-05 44
1777149962899 2.4079162450165158e-05 45
1777149962954 2.0258642807482134e-05 46
1777149963017 1.719398789375307e-05 47
1777149963077 1.8258913014699614e-05 48
1777149963140 1.9007545756238036e-05 49
1777149959946 0.39265316376026643 0
