1777150641070 0.7457032825084443 0
1777150641141 0.7180876998191185 1
1777150641237 0.6913942758073198 2
1777150641300 0.6652096433842436 3
1777150641354 0.6392510951833522 4
1777150641418 0.6129821057015277 5
1777150641475 0.5864750451229989 6
1777150641539 0.5592940398987304 7
1777150641588 0.5314523279666901 8
1777150641640 0.5024443972618022 9
1777150641698 0.4727324627815409 10
1777150641760 0.4427509605884552 11
1777150641814 0.41194751288028475 12
1777150641872 0.3812109111471379 13
1777150641931 0.35101180380963265 14
1777150641992 0.3207804985502933 15
1777150642046 0.2916805718807464 16
1777150642103 0.2638760859027822 17
1777150642152 0.23745805849420262 18
1777150642209 0.21268437454041014 19
1777150642271 0.19021474015205464 20
1777150642330 0.16960312394385643 21
1777150642383 0.15085056170504144 22
1777150642432 0.13427730253402223 23
1777150642486 0.1194329485297203 24
1777150642541 0.1063542069589838 25
1777150642597 0.09476445948189878 26
1777150642652 0.0845471441428712 27
1777150642701 0.07548535583501166 28
1777150642751 0.06768441913609809 29
1777150642802 0.06068111868931892 30
1777150642862 0.054644120658965824 31
1777150642916 0.049383362398502675 32
1777150642971 0.04462279177251014 33
1777150643026 0.04038372334647686 34
1777150643083 0.036729355322870805 35
1777150643134 0.033473632159702324 36
1777150643184 0.030529395459180184 37
1777150643237 0.02793168989901847 38
1777150643286 0.025627383565966118 39
1777150643342 0.02350164050275975 40
1777150643390 0.021653782932999285 41
1777150643438 0.019998565197308013 42
1777150643491 0.018467255868017673 43
1777150643542 0.017097375553814655 44
1777150643597 0.01586236438139322 45
1777150643648 0.014738187590178023 46
1777150643701 0.01370550866456742 47
1777150643752 0.012797616679776223 48
1777150643811 0.011947219289760006 49
1777150641070 0.7457032825084443 0
