1777148886651 0.6066834888559707 0
1777148886719 0.46607222645840746 1
1777148886775 0.234407551111059 2
1777148886832 0.07565244905492093 3
1777148886888 0.02920937853211418 4
1777148886940 0.015429254759974937 5
1777148886998 0.00962679604306183 6
1777148887049 0.006614110719888134 7
1777148887097 0.004846106729212593 8
1777148887146 0.0037149050114478202 9
1777148887200 0.002941830680665976 10
1777148887249 0.002380587428094859 11
1777148887298 0.0019822350846841297 12
1777148887346 0.0016646191150821903 13
1777148887395 0.0014145807784169595 14
1777148887449 0.0012198113179963796 15
1777148887497 0.001059701385105306 16
1777148887546 0.0009327460553477261 17
1777148887595 0.000823540978401186 18
1777148887644 0.0007333640235803149 19
1777148887696 0.0006600028594975617 20
1777148887745 0.000591874404369477 21
1777148887800 0.0005340601095900018 22
1777148887849 0.00048603272242620193 23
1777148887904 0.0004428531745438801 24
1777148887958 0.0004054675426116174 25
1777148888010 0.00037203805596676675 26
1777148888059 0.0003428813159847236 27
1777148888109 0.0003165918779485126 28
1777148888158 0.00029260991265046154 29
1777148888212 0.0002728360336635539 30
1777148888269 0.00025303260283296967 31
1777148888329 0.00023480464222573459 32
1777148888387 0.00021969773428901 33
1777148888438 0.00020523074543118437 34
1777148888499 0.00019228479117799075 35
1777148888552 0.00018087486201461326 36
1777148888614 0.00016949341404548984 37
1777148888673 0.00015927626094359786 38
1777148888729 0.00015036196852266352 39
1777148888785 0.00014228849102708294 40
1777148888835 0.00013411729060920906 41
1777148888888 0.000126273356495113 42
1777148888955 0.0001194309789230403 43
1777148889019 0.00011323138715716653 44
1777148889081 0.00010801362023290068 45
1777148889143 0.00010217473816815169 46
1777148889197 9.696366822104306e-05 47
1777148889248 9.231791084451462e-05 48
1777148889302 8.753481396273313e-05 49
1777148886651 0.6066834888559707 0
