1777148389022 0.538770631272742 0
1777148389081 0.3313257114050236 1
1777148389139 0.11806326161356683 2
1777148389197 0.03838976817403702 3
1777148389248 0.017016878688430534 4
1777148389303 0.009489646865094596 5
1777148389364 0.00600974149803849 6
1777148389416 0.004154688733174128 7
1777148389470 0.003040164302876021 8
1777148389522 0.0023147818642331565 9
1777148389580 0.0018241063275552811 10
1777148389629 0.0014731607033296467 11
1777148389691 0.0012106351489993804 12
1777148389739 0.0010129027279153309 13
1777148389790 0.0008580795120190274 14
1777148389846 0.0007389261265919405 15
1777148389897 0.0006421425657227953 16
1777148389946 0.0005629038001024264 17
1777148390001 0.0004967069971632767 18
1777148390050 0.0004400527819946527 19
1777148390102 0.0003934864126928547 20
1777148390154 0.00035365546175447155 21
1777148390202 0.0003211350310866305 22
1777148390250 0.0002898421730509305 23
1777148390300 0.00026478188575562484 24
1777148390360 0.0002423871333024742 25
1777148390407 0.00022129313289584156 26
1777148390455 0.00020429167736747719 27
1777148390503 0.00018778028188922265 28
1777148390553 0.00017346543562722373 29
1777148390606 0.00016069161288311426 30
1777148390655 0.00014931499026715755 31
1777148390709 0.00013900701324405903 32
1777148390760 0.00012946637264363707 33
1777148390812 0.00012110938637596654 34
1777148390865 0.00011361900721973879 35
1777148390918 0.00010628180260685807 36
1777148390965 9.964847537203434e-05 37
1777148391013 9.399454280897539e-05 38
1777148391062 8.836729961950233e-05 39
1777148391118 8.329656857506749e-05 40
1777148391178 7.871682944514372e-05 41
1777148391230 7.42273325081345e-05 42
1777148391280 7.0239175368036e-05 43
1777148391338 6.659120400070877e-05 44
1777148391393 6.310519355348005e-05 45
1777148391440 5.984145606449369e-05 46
1777148391491 5.698100768371505e-05 47
1777148391544 5.39598616516277e-05 48
1777148391599 5.123766633450361e-05 49
1777148389022 0.538770631272742 0
