1777150291097 0.6246631969796851 0
1777150291153 0.5735398378778012 1
1777150291206 0.518258071326195 2
1777150291263 0.45928717483865455 3
1777150291322 0.39191817983667904 4
1777150291399 0.3237616762201837 5
1777150291466 0.2582432821075967 6
1777150291530 0.20143387355702988 7
1777150291594 0.1568718026293085 8
1777150291648 0.11905507711654013 9
1777150291721 0.09268620372452635 10
1777150291784 0.07258664111190653 11
1777150291845 0.05793732761385593 12
1777150291899 0.046062892104717014 13
1777150291952 0.036803297460713286 14
1777150292013 0.03293797306399396 15
1777150292069 0.02600180484513019 16
1777150292124 0.02339494985310321 17
1777150292181 0.018809356905044393 18
1777150292235 0.016445292199545717 19
1777150292298 0.014433662090054217 20
1777150292357 0.01265961738263673 21
1777150292414 0.011263456007346828 22
1777150292468 0.010366363876915358 23
1777150292522 0.009750227760919866 24
1777150292589 0.008511884217249585 25
1777150292651 0.00751666539408108 26
1777150292711 0.006637928759718829 27
1777150292774 0.0061858799110384695 28
1777150292834 0.005856516275634157 29
1777150292895 0.005026661771092009 30
1777150292949 0.0047859684465096355 31
1777150293005 0.004351161033945515 32
1777150293062 0.0043503778362448545 33
1777150293122 0.0037947429859257757 34
1777150293189 0.003528692189881459 35
1777150293244 0.0033444866062478816 36
1777150293301 0.003007717502422314 37
1777150293358 0.0029413018256742906 38
1777150293414 0.002676023484921043 39
1777150293474 0.0025275607142557807 40
1777150293532 0.0024736329734800977 41
1777150293592 0.002385354967431185 42
1777150293658 0.002037836907510745 43
1777150293715 0.0019570202269452684 44
1777150293783 0.0018837263639223702 45
1777150293837 0.0018110465941990309 46
1777150293903 0.0016744114840006891 47
1777150293967 0.0015701392734859218 48
1777150294026 0.0015151596373006544 49
1777150291097 0.6246631969796851 0
