1777587383372 1.0 0
1777587383720 1.0 1
1777587384049 1.0 2
1777587384408 1.0 3
1777587384778 1.0 4
1777587385096 1.0 5
1777587385399 1.0 6
1777587385746 1.0 7
1777587386097 1.0 8
1777587386434 1.0 9
1777587386821 1.0 10
1777587387145 1.0 11
1777587387448 1.0 12
1777587387770 1.0 13
1777587388106 1.0 14
1777587388451 1.0 15
1777587388765 1.0 16
1777587389120 1.0 17
1777587389454 1.0 18
1777587389821 1.0 19
1777587390163 1.0 20
1777587390480 1.0 21
1777587390777 1.0 22
1777587391089 1.0 23
1777587391435 1.0 24
1777587391803 1.0 25
1777587392127 1.0 26
1777587392430 1.0 27
1777587392773 1.0 28
1777587393137 1.0 29
1777587393501 1.0 30
1777587393831 1.0 31
1777587394182 1.0 32
1777587394505 1.0 33
1777587394883 1.0 34
1777587395227 1.0 35
1777587395628 1.0 36
1777587396014 1.0 37
1777587396389 1.0 38
1777587396768 1.0 39
1777587397126 1.0 40
1777587397465 1.0 41
1777587397826 1.0 42
1777587398150 1.0 43
1777587398494 1.0 44
1777587398813 1.0 45
1777587399207 1.0 46
1777587399528 1.0 47
1777587399846 1.0 48
1777587400240 1.0 49
1777587400583 1.0 50
1777587400926 1.0 51
1777587401275 1.0 52
1777587401609 1.0 53
1777587401943 1.0 54
1777587402274 1.0 55
1777587402591 1.0 56
1777587402977 1.0 57
1777587403323 1.0 58
1777587403630 1.0 59
1777587403943 1.0 60
1777587404250 1.0 61
1777587404539 1.0 62
1777587404860 1.0 63
1777587405158 1.0 64
1777587405457 1.0 65
1777587405759 1.0 66
1777587406083 1.0 67
1777587406395 1.0 68
1777587406696 1.0 69
1777587406998 1.0 70
1777587407295 1.0 71
1777587407591 1.0 72
1777587407883 1.0 73
1777587408179 1.0 74
1777587408506 1.0 75
1777587408813 1.0 76
1777587409119 1.0 77
1777587409418 1.0 78
1777587409730 1.0 79
1777587410069 1.0 80
1777587410451 1.0 81
1777587411004 1.0 82
1777587411373 1.0 83
1777587411690 1.0 84
1777587412006 1.0 85
1777587412348 1.0 86
1777587412686 1.0 87
1777587413047 1.0 88
1777587413411 1.0 89
1777587413741 1.0 90
1777587414068 1.0 91
1777587414412 1.0 92
1777587414836 1.0 93
1777587415192 1.0 94
1777587415519 1.0 95
1777587415865 1.0 96
1777587416205 1.0 97
1777587416558 1.0 98
1777587416893 1.0 99
1777587383372 1.0 0
