1777587383385 0.0 0
1777587383737 0.0 1
1777587384062 0.0 2
1777587384424 0.0 3
1777587384789 0.0 4
1777587385108 0.0 5
1777587385414 0.0 6
1777587385760 0.0 7
1777587386109 0.0 8
1777587386447 0.0 9
1777587386834 0.0 10
1777587387159 0.0 11
1777587387460 0.0 12
1777587387784 0.0 13
1777587388117 0.0 14
1777587388464 0.0 15
1777587388779 0.0 16
1777587389137 0.0 17
1777587389465 0.0 18
1777587389835 0.0 19
1777587390175 0.0 20
1777587390493 0.0 21
1777587390788 0.0 22
1777587391100 0.0 23
1777587391450 0.0 24
1777587391819 0.0 25
1777587392139 0.0 26
1777587392441 0.0 27
1777587392787 0.0 28
1777587393148 0.0 29
1777587393512 0.0 30
1777587393845 0.0 31
1777587394197 0.0 32
1777587394531 0.0 33
1777587394897 0.0 34
1777587395241 0.0 35
1777587395644 0.0 36
1777587396030 0.0 37
1777587396404 0.0 38
1777587396781 0.0 39
1777587397140 0.0 40
1777587397477 0.0 41
1777587397840 0.0 42
1777587398162 0.0 43
1777587398506 0.0 44
1777587398825 0.0 45
1777587399220 0.0 46
1777587399540 0.0 47
1777587399859 0.0 48
1777587400254 0.0 49
1777587400597 0.0 50
1777587400945 0.0 51
1777587401289 0.0 52
1777587401622 0.0 53
1777587401957 0.0 54
1777587402285 0.0 55
1777587402606 0.0 56
1777587402992 0.0 57
1777587403335 0.0 58
1777587403641 0.0 59
1777587403955 0.0 60
1777587404263 0.0 61
1777587404551 0.0 62
1777587404872 0.0 63
1777587405170 0.0 64
1777587405469 0.0 65
1777587405771 0.0 66
1777587406094 0.0 67
1777587406407 0.0 68
1777587406709 0.0 69
1777587407009 0.0 70
1777587407309 0.0 71
1777587407604 0.0 72
1777587407894 0.0 73
1777587408191 0.0 74
1777587408520 0.0 75
1777587408825 0.0 76
1777587409130 0.0 77
1777587409432 0.0 78
1777587409743 0.0 79
1777587410083 0.0 80
1777587410466 0.0 81
1777587411017 0.0 82
1777587411387 0.0 83
1777587411701 0.0 84
1777587412020 0.0 85
1777587412362 0.0 86
1777587412700 0.0 87
1777587413062 0.0 88
1777587413426 0.0 89
1777587413753 0.0 90
1777587414082 0.0 91
1777587414426 0.0 92
1777587414849 0.0 93
1777587415207 0.0 94
1777587415533 0.0 95
1777587415879 0.0 96
1777587416219 0.0 97
1777587416570 0.0 98
1777587416906 0.0 99
1777587383385 0.0 0
