1777587383376 0.0 0
1777587383726 0.0 1
1777587384053 0.0 2
1777587384414 0.0 3
1777587384782 0.0 4
1777587385100 0.0 5
1777587385404 0.0 6
1777587385751 0.0 7
1777587386101 0.0 8
1777587386439 0.0 9
1777587386825 0.0 10
1777587387149 0.0 11
1777587387452 0.0 12
1777587387775 0.0 13
1777587388110 0.0 14
1777587388455 0.0 15
1777587388770 0.0 16
1777587389125 0.0 17
1777587389457 0.0 18
1777587389825 0.0 19
1777587390167 0.0 20
1777587390484 0.0 21
1777587390781 0.0 22
1777587391092 0.0 23
1777587391439 0.0 24
1777587391808 0.0 25
1777587392131 0.0 26
1777587392434 0.0 27
1777587392778 0.0 28
1777587393141 0.0 29
1777587393505 0.0 30
1777587393836 0.0 31
1777587394187 0.0 32
1777587394519 0.0 33
1777587394888 0.0 34
1777587395232 0.0 35
1777587395634 0.0 36
1777587396019 0.0 37
1777587396394 0.0 38
1777587396773 0.0 39
1777587397131 0.0 40
1777587397469 0.0 41
1777587397831 0.0 42
1777587398154 0.0 43
1777587398498 0.0 44
1777587398817 0.0 45
1777587399212 0.0 46
1777587399532 0.0 47
1777587399850 0.0 48
1777587400245 0.0 49
1777587400588 0.0 50
1777587400934 0.0 51
1777587401280 0.0 52
1777587401613 0.0 53
1777587401949 0.0 54
1777587402278 0.0 55
1777587402596 0.0 56
1777587402982 0.0 57
1777587403327 0.0 58
1777587403634 0.0 59
1777587403947 0.0 60
1777587404254 0.0 61
1777587404542 0.0 62
1777587404864 0.0 63
1777587405162 0.0 64
1777587405461 0.0 65
1777587405764 0.0 66
1777587406087 0.0 67
1777587406399 0.0 68
1777587406700 0.0 69
1777587407002 0.0 70
1777587407300 0.0 71
1777587407595 0.0 72
1777587407887 0.0 73
1777587408183 0.0 74
1777587408511 0.0 75
1777587408817 0.0 76
1777587409123 0.0 77
1777587409422 0.0 78
1777587409734 0.0 79
1777587410074 0.0 80
1777587410456 0.0 81
1777587411009 0.0 82
1777587411378 0.0 83
1777587411694 0.0 84
1777587412011 0.0 85
1777587412353 0.0 86
1777587412691 0.0 87
1777587413052 0.0 88
1777587413416 0.0 89
1777587413745 0.0 90
1777587414073 0.0 91
1777587414417 0.0 92
1777587414840 0.0 93
1777587415197 0.0 94
1777587415524 0.0 95
1777587415870 0.0 96
1777587416210 0.0 97
1777587416562 0.0 98
1777587416898 0.0 99
1777587383376 0.0 0
