1777587383381 0.0 0
1777587383732 0.0 1
1777587384057 0.0 2
1777587384419 0.0 3
1777587384786 0.0 4
1777587385104 0.0 5
1777587385409 0.0 6
1777587385756 0.0 7
1777587386105 0.0 8
1777587386443 0.0 9
1777587386830 0.0 10
1777587387154 0.0 11
1777587387456 0.0 12
1777587387779 0.0 13
1777587388114 0.0 14
1777587388460 0.0 15
1777587388774 0.0 16
1777587389131 0.0 17
1777587389461 0.0 18
1777587389830 0.0 19
1777587390171 0.0 20
1777587390489 0.0 21
1777587390785 0.0 22
1777587391096 0.0 23
1777587391445 0.0 24
1777587391814 0.0 25
1777587392135 0.0 26
1777587392438 0.0 27
1777587392783 0.0 28
1777587393144 0.0 29
1777587393508 0.0 30
1777587393840 0.0 31
1777587394192 0.0 32
1777587394525 0.0 33
1777587394893 0.0 34
1777587395236 0.0 35
1777587395639 0.0 36
1777587396024 0.0 37
1777587396399 0.0 38
1777587396777 0.0 39
1777587397135 0.0 40
1777587397473 0.0 41
1777587397835 0.0 42
1777587398158 0.0 43
1777587398502 0.0 44
1777587398821 0.0 45
1777587399216 0.0 46
1777587399536 0.0 47
1777587399855 0.0 48
1777587400249 0.0 49
1777587400592 0.0 50
1777587400940 0.0 51
1777587401285 0.0 52
1777587401617 0.0 53
1777587401953 0.0 54
1777587402282 0.0 55
1777587402601 0.0 56
1777587402987 0.0 57
1777587403331 0.0 58
1777587403638 0.0 59
1777587403951 0.0 60
1777587404259 0.0 61
1777587404546 0.0 62
1777587404868 0.0 63
1777587405166 0.0 64
1777587405465 0.0 65
1777587405767 0.0 66
1777587406091 0.0 67
1777587406403 0.0 68
1777587406704 0.0 69
1777587407005 0.0 70
1777587407304 0.0 71
1777587407599 0.0 72
1777587407890 0.0 73
1777587408187 0.0 74
1777587408515 0.0 75
1777587408821 0.0 76
1777587409127 0.0 77
1777587409427 0.0 78
1777587409739 0.0 79
1777587410079 0.0 80
1777587410461 0.0 81
1777587411013 0.0 82
1777587411382 0.0 83
1777587411697 0.0 84
1777587412016 0.0 85
1777587412358 0.0 86
1777587412696 0.0 87
1777587413057 0.0 88
1777587413421 0.0 89
1777587413749 0.0 90
1777587414077 0.0 91
1777587414422 0.0 92
1777587414845 0.0 93
1777587415201 0.0 94
1777587415529 0.0 95
1777587415874 0.0 96
1777587416214 0.0 97
1777587416566 0.0 98
1777587416902 0.0 99
1777587383381 0.0 0
