1777587383364 0.6377641980282285 0
1777587383709 0.2205069703473286 1
1777587384041 0.04375945030584593 2
1777587384398 0.014471671649847518 3
1777587384770 0.007129706364304928 4
1777587385088 0.004130478384137281 5
1777587385390 0.0029161958035811867 6
1777587385737 0.0019710268699616954 7
1777587386088 0.0015093549564798277 8
1777587386424 0.0011144002338286637 9
1777587386813 0.0009313495760249101 10
1777587387135 0.0007710381490720796 11
1777587387440 0.0005659408577478396 12
1777587387761 0.0004970046948900828 13
1777587388096 0.00041226592148549656 14
1777587388441 0.0003425411570209359 15
1777587388757 0.0003171074639050692 16
1777587389110 0.00025481470170647793 17
1777587389446 0.0002378553480908026 18
1777587389813 0.00019453121277282744 19
1777587390155 0.0001843893624233963 20
1777587390472 0.00015245546728692716 21
1777587390768 0.00014338006356369576 22
1777587391080 0.0001135053320033628 23
1777587391426 9.211798104305754e-05 24
1777587391793 9.309042678234454e-05 25
1777587392120 6.942896207171792e-05 26
1777587392421 6.901445730859864e-05 27
1777587392763 6.183070068614556e-05 28
1777587393129 4.892940180215274e-05 29
1777587393493 5.069432752820417e-05 30
1777587393821 4.03819507823755e-05 31
1777587394173 3.7567747447362557e-05 32
1777587394485 3.595258392217395e-05 33
1777587394873 2.9848267115798162e-05 34
1777587395218 2.5558529551197104e-05 35
1777587395618 2.6503468079268217e-05 36
1777587396003 2.5993748329708215e-05 37
1777587396379 1.9485261189929176e-05 38
1777587396759 1.9231861131820757e-05 39
1777587397117 1.7187491035418713e-05 40
1777587397456 1.2198104941967875e-05 41
1777587397818 1.729765106972536e-05 42
1777587398142 1.1064227060521922e-05 43
1777587398485 1.280640345235895e-05 44
1777587398805 1.1406062847834681e-05 45
1777587399199 8.272863564942865e-06 46
1777587399521 7.170960425058452e-06 47
1777587399838 7.77393871772861e-06 48
1777587400232 7.957779694513853e-06 49
1777587400574 7.282880500851392e-06 50
1777587400916 5.552813221595701e-06 51
1777587401266 1.4448183779360654e-05 52
1777587401600 6.013505877578883e-06 53
1777587401933 4.585631916530598e-06 54
1777587402265 6.008951939988223e-06 55
1777587402581 4.216217751494934e-06 56
1777587402967 2.77605023808873e-06 57
1777587403315 5.420342089673175e-06 58
1777587403622 2.4171991742952512e-06 59
1777587403935 2.620271504458962e-06 60
1777587404242 1.9786985806412685e-06 61
1777587404531 1.5890254452861023e-06 62
1777587404851 1.6348558629692371e-06 63
1777587405151 2.6218982461800877e-06 64
1777587405450 1.7168439236532733e-06 65
1777587405750 1.187056168754969e-06 66
1777587406074 1.0538820486899974e-06 67
1777587406387 1.3003155339747445e-06 68
1777587406688 1.1499419725235038e-06 69
1777587406988 9.442369004111015e-07 70
1777587407286 7.686128682102026e-07 71
1777587407583 7.982736106531602e-07 72
1777587407875 8.077586793079047e-07 73
1777587408171 8.531455908097644e-07 74
1777587408496 1.38025042258072e-06 75
1777587408805 1.7270567125380534e-06 76
1777587409110 1.2701117810202314e-06 77
1777587409410 1.1892623318676434e-06 78
1777587409720 3.3036388350201923e-07 79
1777587410058 4.174098289454324e-07 80
1777587410441 2.2573081943795662e-07 81
1777587410816 2.6944182825298796e-07 82
1777587411364 3.98227941502102e-07 83
1777587411681 4.1022799439097396e-07 84
1777587411997 3.9016382865996785e-07 85
1777587412339 5.169941845894149e-07 86
1777587412677 2.0367338125360715e-07 87
1777587413038 1.5353536089534653e-07 88
1777587413401 1.8927779713507165e-07 89
1777587413733 2.0389988412940585e-07 90
1777587414059 2.610683556928502e-07 91
1777587414403 1.2069761666700324e-07 92
1777587414827 1.2869049832972293e-07 93
1777587415184 9.207747681330702e-08 94
1777587415511 1.6123754973361437e-07 95
1777587415856 9.169434681052045e-08 96
1777587416197 1.5595458451239286e-07 97
1777587416549 1.916606171286508e-07 98
1777587416884 2.239273064909578e-07 99
1777587383364 0.6377641980282285 0
