1777150794047 0.6246631969796851 0
1777150794101 0.5735398378778012 1
1777150794160 0.518258071326195 2
1777150794217 0.45928717483865455 3
1777150794277 0.39191817983667904 4
1777150794342 0.3237616762201837 5
1777150794406 0.2582432821075967 6
1777150794467 0.20143387355702988 7
1777150794530 0.1568718026293085 8
1777150794590 0.11905507711654013 9
1777150794651 0.09268620372452635 10
1777150794718 0.07258664111190653 11
1777150794772 0.05793732761385593 12
1777150794828 0.046062892104717014 13
1777150794883 0.036803297460713286 14
1777150794945 0.03293797306399396 15
1777150795001 0.02600180484513019 16
1777150795058 0.02339494985310321 17
1777150795115 0.018809356905044393 18
1777150795174 0.016445292199545717 19
1777150795233 0.014433662090054217 20
1777150795290 0.01265961738263673 21
1777150795350 0.011263456007346828 22
1777150795403 0.010366363876915358 23
1777150795462 0.009750227760919866 24
1777150795528 0.008511884217249585 25
1777150795582 0.00751666539408108 26
1777150795639 0.006637928759718829 27
1777150795695 0.0061858799110384695 28
1777150795753 0.005856516275634157 29
1777150795815 0.005026661771092009 30
1777150795876 0.0047859684465096355 31
1777150795938 0.004351161033945515 32
1777150795990 0.0043503778362448545 33
1777150796044 0.0037947429859257757 34
1777150796106 0.003528692189881459 35
1777150796159 0.0033444866062478816 36
1777150796213 0.003007717502422314 37
1777150796270 0.0029413018256742906 38
1777150796324 0.002676023484921043 39
1777150796381 0.0025275607142557807 40
1777150796438 0.0024736329734800977 41
1777150796496 0.002385354967431185 42
1777150796554 0.002037836907510745 43
1777150796613 0.0019570202269452684 44
1777150796672 0.0018837263639223702 45
1777150796728 0.0018110465941990309 46
1777150796781 0.0016744114840006891 47
1777150796841 0.0015701392734859218 48
1777150796909 0.0015151596373006544 49
1777150794047 0.6246631969796851 0
