1777825017817 0.7526652452025586 0
1777825018058 0.7526652452025586 1
1777825018318 0.7924662402274343 2
1777825018542 0.8059701492537313 3
1777825018759 0.8137882018479033 4
1777825018996 0.814498933901919 5
1777825019214 0.8166311300639659 6
1777825019434 0.8152096659559346 7
1777825019663 0.8152096659559346 8
1777825019887 0.8180525941719972 9
1777825020139 0.8180525941719972 10
1777825020371 0.8180525941719972 11
1777825020595 0.8159203980099502 12
1777825020821 0.8180525941719972 13
1777825021038 0.8173418621179815 14
1777825021280 0.8173418621179815 15
1777825021503 0.8194740582800284 16
1777825021722 0.8173418621179815 17
1777825021944 0.8180525941719972 18
1777825022173 0.8187633262260128 19
1777825022416 0.820184790334044 20
1777825022646 0.8166311300639659 21
1777825022880 0.8180525941719972 22
1777825023119 0.820184790334044 23
1777825023340 0.8194740582800284 24
1777825023580 0.8187633262260128 25
1777825023798 0.820184790334044 26
1777825024018 0.8194740582800284 27
1777825024248 0.8180525941719972 28
1777825024481 0.8173418621179815 29
1777825024754 0.820184790334044 30
1777825024988 0.8180525941719972 31
1777825025218 0.8194740582800284 32
1777825017817 0.7526652452025586 0
