1777825017830 0.0 0
1777825018071 0.0 1
1777825018331 0.3177570093457944 2
1777825018554 0.5411764705882353 3
1777825018773 0.5801282051282052 4
1777825019007 0.5824 5
1777825019225 0.5917721518987342 6
1777825019444 0.5962732919254659 7
1777825019675 0.5924764890282131 8
1777825019899 0.6073619631901841 9
1777825020151 0.6037151702786377 10
1777825020382 0.6037151702786377 11
1777825020606 0.6105263157894737 12
1777825020832 0.6012461059190031 13
1777825021052 0.6123680241327301 14
1777825021291 0.6027820710973725 15
1777825021514 0.603125 16
1777825021736 0.6123680241327301 17
1777825021956 0.6073619631901841 18
1777825022185 0.6106870229007634 19
1777825022427 0.6077519379844961 20
1777825022660 0.6183431952662722 21
1777825022893 0.6121212121212121 22
1777825023129 0.6089644513137558 23
1777825023351 0.60062893081761 24
1777825023591 0.6142208774583964 25
1777825023810 0.6101694915254238 26
1777825024031 0.6139817629179332 27
1777825024260 0.6121212121212121 28
1777825024494 0.6158445440956651 29
1777825024765 0.6053042121684867 30
1777825025000 0.6144578313253012 31
1777825025229 0.6055900621118012 32
1777825017830 0.0 0
