1777825017822 0.0 0
1777825018061 0.0 1
1777825018322 0.85 2
1777825018546 0.6518218623481782 3
1777825018764 0.6557971014492754 4
1777825018999 0.6570397111913358 5
1777825019218 0.6584507042253521 6
1777825019437 0.6486486486486487 7
1777825019668 0.6517241379310345 8
1777825019891 0.6513157894736842 9
1777825020142 0.6543624161073825 10
1777825020374 0.6543624161073825 11
1777825020599 0.6403785488958991 12
1777825020824 0.6564625850340136 13
1777825021042 0.6444444444444445 14
1777825021284 0.6521739130434783 15
1777825021507 0.660958904109589 16
1777825021727 0.6444444444444445 17
1777825021948 0.6513157894736842 18
1777825022177 0.6514657980456026 19
1777825022420 0.6599326599326599 20
1777825022651 0.6371951219512195 21
1777825022884 0.6474358974358975 22
1777825023122 0.6588628762541806 23
1777825023343 0.6631944444444444 24
1777825023584 0.6485623003194888 25
1777825023802 0.6578073089700996 26
1777825024023 0.6516129032258065 27
1777825024252 0.6474358974358975 28
1777825024485 0.6417445482866043 29
1777825024757 0.6621160409556314 30
1777825024992 0.6455696202531646 31
1777825025222 0.6587837837837838 32
1777825017822 0.0 0
