1777825017826 0.0 0
1777825018066 0.0 1
1777825018326 0.19540229885057472 2
1777825018550 0.46264367816091956 3
1777825018768 0.5201149425287356 4
1777825019003 0.5229885057471264 5
1777825019221 0.5373563218390804 6
1777825019441 0.5517241379310345 7
1777825019671 0.5431034482758621 8
1777825019895 0.5689655172413793 9
1777825020147 0.5603448275862069 10
1777825020378 0.5603448275862069 11
1777825020603 0.5833333333333334 12
1777825020828 0.5545977011494253 13
1777825021047 0.5833333333333334 14
1777825021287 0.5603448275862069 15
1777825021511 0.5545977011494253 16
1777825021731 0.5833333333333334 17
1777825021952 0.5689655172413793 18
1777825022181 0.5747126436781609 19
1777825022423 0.5632183908045977 20
1777825022655 0.6005747126436781 21
1777825022889 0.5804597701149425 22
1777825023126 0.5660919540229885 23
1777825023347 0.5488505747126436 24
1777825023587 0.5833333333333334 25
1777825023805 0.5689655172413793 26
1777825024027 0.5804597701149425 27
1777825024256 0.5804597701149425 28
1777825024489 0.5919540229885057 29
1777825024761 0.5574712643678161 30
1777825024996 0.5862068965517241 31
1777825025225 0.5603448275862069 32
1777825017826 0.0 0
