1777825017807 0.639623318544843 0
1777825018050 0.5583308974111622 1
1777825018309 0.49394121969288046 2
1777825018534 0.4581700141795657 3
1777825018750 0.4407737548886375 4
1777825018988 0.43100604313341057 5
1777825019206 0.4288850310681896 6
1777825019426 0.4309537134725939 7
1777825019654 0.4231563765894283 8
1777825019879 0.4218405626544898 9
1777825020130 0.42315680271183903 10
1777825020362 0.41937834269959817 11
1777825020587 0.42188178857957775 12
1777825020812 0.41721821982752194 13
1777825021030 0.41741782265969296 14
1777825021272 0.4133531699295748 15
1777825021495 0.41678121050989086 16
1777825021714 0.41618193804540415 17
1777825021936 0.4179630249061368 18
1777825022165 0.4139211413196542 19
1777825022409 0.41435832614925777 20
1777825022638 0.4119564490392804 21
1777825022872 0.4126397580416365 22
1777825023111 0.4127661998976361 23
1777825023332 0.40973276509480044 24
1777825023572 0.41293593860146677 25
1777825023790 0.4115909690206701 26
1777825024009 0.4114424094388431 27
1777825024240 0.4111978601325642 28
1777825024473 0.41456717100333085 29
1777825024745 0.41194424007765273 30
1777825024978 0.40808936064554885 31
1777825025210 0.40868189541453664 32
1777825017807 0.639623318544843 0
