1777824966713 0.7526652452025586 0
1777824966943 0.7526652452025586 1
1777824967170 0.7924662402274343 2
1777824967394 0.8059701492537313 3
1777824967663 0.8137882018479033 4
1777824967903 0.814498933901919 5
1777824968190 0.8166311300639659 6
1777824968418 0.8152096659559346 7
1777824968638 0.8152096659559346 8
1777824968853 0.8180525941719972 9
1777824969091 0.8180525941719972 10
1777824969309 0.8180525941719972 11
1777824969534 0.8159203980099502 12
1777824969753 0.8180525941719972 13
1777824969999 0.8173418621179815 14
1777824970251 0.8173418621179815 15
1777824970473 0.8194740582800284 16
1777824970696 0.8173418621179815 17
1777824970919 0.8180525941719972 18
1777824971138 0.8187633262260128 19
1777824971366 0.820184790334044 20
1777824971580 0.8166311300639659 21
1777824971792 0.8180525941719972 22
1777824972015 0.820184790334044 23
1777824972256 0.8194740582800284 24
1777824972484 0.8187633262260128 25
1777824972697 0.820184790334044 26
1777824972914 0.8194740582800284 27
1777824973132 0.8180525941719972 28
1777824973352 0.8173418621179815 29
1777824973588 0.820184790334044 30
1777824973813 0.8180525941719972 31
1777824974043 0.8194740582800284 32
