1777824966728 0.0 0
1777824966957 0.0 1
1777824967182 0.3177570093457944 2
1777824967405 0.5411764705882353 3
1777824967676 0.5801282051282052 4
1777824967918 0.5824 5
1777824968201 0.5917721518987342 6
1777824968430 0.5962732919254659 7
1777824968649 0.5924764890282131 8
1777824968863 0.6073619631901841 9
1777824969102 0.6037151702786377 10
1777824969320 0.6037151702786377 11
1777824969545 0.6105263157894737 12
1777824969767 0.6012461059190031 13
1777824970013 0.6123680241327301 14
1777824970262 0.6027820710973725 15
1777824970484 0.603125 16
1777824970709 0.6123680241327301 17
1777824970930 0.6073619631901841 18
1777824971151 0.6106870229007634 19
1777824971378 0.6077519379844961 20
1777824971591 0.6183431952662722 21
1777824971805 0.6121212121212121 22
1777824972029 0.6089644513137558 23
1777824972267 0.60062893081761 24
1777824972495 0.6142208774583964 25
1777824972708 0.6101694915254238 26
1777824972925 0.6139817629179332 27
1777824973143 0.6121212121212121 28
1777824973363 0.6158445440956651 29
1777824973600 0.6053042121684867 30
1777824973825 0.6144578313253012 31
1777824974054 0.6055900621118012 32
