1777824966718 0.0 0
1777824966948 0.0 1
1777824967174 0.85 2
1777824967398 0.6518218623481782 3
1777824967667 0.6557971014492754 4
1777824967908 0.6570397111913358 5
1777824968194 0.6584507042253521 6
1777824968422 0.6486486486486487 7
1777824968641 0.6517241379310345 8
1777824968856 0.6513157894736842 9
1777824969095 0.6543624161073825 10
1777824969313 0.6543624161073825 11
1777824969537 0.6403785488958991 12
1777824969758 0.6564625850340136 13
1777824970005 0.6444444444444445 14
1777824970255 0.6521739130434783 15
1777824970477 0.660958904109589 16
1777824970701 0.6444444444444445 17
1777824970923 0.6513157894736842 18
1777824971143 0.6514657980456026 19
1777824971370 0.6599326599326599 20
1777824971584 0.6371951219512195 21
1777824971796 0.6474358974358975 22
1777824972020 0.6588628762541806 23
1777824972260 0.6631944444444444 24
1777824972488 0.6485623003194888 25
1777824972701 0.6578073089700996 26
1777824972918 0.6516129032258065 27
1777824973135 0.6474358974358975 28
1777824973356 0.6417445482866043 29
1777824973593 0.6621160409556314 30
1777824973817 0.6455696202531646 31
1777824974046 0.6587837837837838 32
