1777824966724 0.0 0
1777824966952 0.0 1
1777824967178 0.19540229885057472 2
1777824967402 0.46264367816091956 3
1777824967671 0.5201149425287356 4
1777824967913 0.5229885057471264 5
1777824968197 0.5373563218390804 6
1777824968426 0.5517241379310345 7
1777824968645 0.5431034482758621 8
1777824968860 0.5689655172413793 9
1777824969098 0.5603448275862069 10
1777824969317 0.5603448275862069 11
1777824969541 0.5833333333333334 12
1777824969762 0.5545977011494253 13
1777824970009 0.5833333333333334 14
1777824970258 0.5603448275862069 15
1777824970480 0.5545977011494253 16
1777824970705 0.5833333333333334 17
1777824970927 0.5689655172413793 18
1777824971147 0.5747126436781609 19
1777824971373 0.5632183908045977 20
1777824971588 0.6005747126436781 21
1777824971800 0.5804597701149425 22
1777824972024 0.5660919540229885 23
1777824972264 0.5488505747126436 24
1777824972492 0.5833333333333334 25
1777824972704 0.5689655172413793 26
1777824972922 0.5804597701149425 27
1777824973139 0.5804597701149425 28
1777824973360 0.5919540229885057 29
1777824973596 0.5574712643678161 30
1777824973821 0.5862068965517241 31
1777824974051 0.5603448275862069 32
