1777824966705 0.639623318544843 0
1777824966933 0.5583308974111622 1
1777824967162 0.49394121969288046 2
1777824967387 0.4581700141795657 3
1777824967653 0.4407737548886375 4
1777824967893 0.43100604313341057 5
1777824968182 0.4288850310681896 6
1777824968410 0.4309537134725939 7
1777824968630 0.4231563765894283 8
1777824968844 0.4218405626544898 9
1777824969083 0.42315680271183903 10
1777824969301 0.41937834269959817 11
1777824969526 0.42188178857957775 12
1777824969744 0.41721821982752194 13
1777824969990 0.41741782265969296 14
1777824970243 0.4133531699295748 15
1777824970464 0.41678121050989086 16
1777824970687 0.41618193804540415 17
1777824970911 0.4179630249061368 18
1777824971130 0.4139211413196542 19
1777824971358 0.41435832614925777 20
1777824971572 0.4119564490392804 21
1777824971784 0.4126397580416365 22
1777824972007 0.4127661998976361 23
1777824972248 0.40973276509480044 24
1777824972476 0.41293593860146677 25
1777824972689 0.4115909690206701 26
1777824972906 0.4114424094388431 27
1777824973123 0.4111978601325642 28
1777824973344 0.41456717100333085 29
1777824973579 0.41194424007765273 30
1777824973805 0.40808936064554885 31
1777824974035 0.40868189541453664 32
