1777588449519 0.7526652452025586 0
1777588449817 0.7526652452025586 1
1777588450078 0.7924662402274343 2
1777588450320 0.8059701492537313 3
1777588450556 0.8137882018479033 4
1777588450804 0.814498933901919 5
1777588451048 0.8166311300639659 6
1777588451313 0.8152096659559346 7
1777588451570 0.8152096659559346 8
1777588451817 0.8180525941719972 9
1777588452083 0.8180525941719972 10
1777588452326 0.8180525941719972 11
1777588452589 0.8159203980099502 12
1777588452817 0.8180525941719972 13
1777588453093 0.8173418621179815 14
1777588453354 0.8173418621179815 15
1777588453600 0.8194740582800284 16
1777588453834 0.8173418621179815 17
1777588454077 0.8180525941719972 18
1777588454331 0.8187633262260128 19
1777588454576 0.820184790334044 20
1777588454813 0.8166311300639659 21
1777588455053 0.8180525941719972 22
1777588455297 0.820184790334044 23
1777588455564 0.8194740582800284 24
1777588455802 0.8187633262260128 25
1777588456043 0.820184790334044 26
1777588456283 0.8194740582800284 27
1777588456549 0.8180525941719972 28
1777588456780 0.8173418621179815 29
1777588457023 0.820184790334044 30
1777588457297 0.8180525941719972 31
1777588457535 0.8194740582800284 32
1777588449519 0.7526652452025586 0
