1777588449537 0.0 0
1777588449832 0.0 1
1777588450091 0.3177570093457944 2
1777588450334 0.5411764705882353 3
1777588450568 0.5801282051282052 4
1777588450818 0.5824 5
1777588451062 0.5917721518987342 6
1777588451327 0.5962732919254659 7
1777588451584 0.5924764890282131 8
1777588451830 0.6073619631901841 9
1777588452098 0.6037151702786377 10
1777588452339 0.6037151702786377 11
1777588452602 0.6105263157894737 12
1777588452829 0.6012461059190031 13
1777588453107 0.6123680241327301 14
1777588453368 0.6027820710973725 15
1777588453611 0.603125 16
1777588453845 0.6123680241327301 17
1777588454091 0.6073619631901841 18
1777588454345 0.6106870229007634 19
1777588454588 0.6077519379844961 20
1777588454824 0.6183431952662722 21
1777588455066 0.6121212121212121 22
1777588455311 0.6089644513137558 23
1777588455576 0.60062893081761 24
1777588455813 0.6142208774583964 25
1777588456057 0.6101694915254238 26
1777588456295 0.6139817629179332 27
1777588456563 0.6121212121212121 28
1777588456793 0.6158445440956651 29
1777588457035 0.6053042121684867 30
1777588457308 0.6144578313253012 31
1777588457547 0.6055900621118012 32
1777588449537 0.0 0
