1777588449526 0.0 0
1777588449822 0.0 1
1777588450082 0.85 2
1777588450325 0.6518218623481782 3
1777588450560 0.6557971014492754 4
1777588450809 0.6570397111913358 5
1777588451053 0.6584507042253521 6
1777588451317 0.6486486486486487 7
1777588451575 0.6517241379310345 8
1777588451821 0.6513157894736842 9
1777588452088 0.6543624161073825 10
1777588452330 0.6543624161073825 11
1777588452593 0.6403785488958991 12
1777588452821 0.6564625850340136 13
1777588453097 0.6444444444444445 14
1777588453359 0.6521739130434783 15
1777588453603 0.660958904109589 16
1777588453838 0.6444444444444445 17
1777588454082 0.6513157894736842 18
1777588454336 0.6514657980456026 19
1777588454580 0.6599326599326599 20
1777588454817 0.6371951219512195 21
1777588455058 0.6474358974358975 22
1777588455301 0.6588628762541806 23
1777588455568 0.6631944444444444 24
1777588455805 0.6485623003194888 25
1777588456048 0.6578073089700996 26
1777588456287 0.6516129032258065 27
1777588456554 0.6474358974358975 28
1777588456784 0.6417445482866043 29
1777588457028 0.6621160409556314 30
1777588457301 0.6455696202531646 31
1777588457539 0.6587837837837838 32
1777588449526 0.0 0
