1777588449532 0.0 0
1777588449827 0.0 1
1777588450086 0.19540229885057472 2
1777588450330 0.46264367816091956 3
1777588450564 0.5201149425287356 4
1777588450813 0.5229885057471264 5
1777588451057 0.5373563218390804 6
1777588451322 0.5517241379310345 7
1777588451580 0.5431034482758621 8
1777588451826 0.5689655172413793 9
1777588452093 0.5603448275862069 10
1777588452335 0.5603448275862069 11
1777588452598 0.5833333333333334 12
1777588452825 0.5545977011494253 13
1777588453102 0.5833333333333334 14
1777588453363 0.5603448275862069 15
1777588453607 0.5545977011494253 16
1777588453842 0.5833333333333334 17
1777588454086 0.5689655172413793 18
1777588454341 0.5747126436781609 19
1777588454583 0.5632183908045977 20
1777588454820 0.6005747126436781 21
1777588455062 0.5804597701149425 22
1777588455306 0.5660919540229885 23
1777588455572 0.5488505747126436 24
1777588455810 0.5833333333333334 25
1777588456052 0.5689655172413793 26
1777588456291 0.5804597701149425 27
1777588456558 0.5804597701149425 28
1777588456789 0.5919540229885057 29
1777588457032 0.5574712643678161 30
1777588457305 0.5862068965517241 31
1777588457543 0.5603448275862069 32
1777588449532 0.0 0
