1777588449508 0.639623318544843 0
1777588449806 0.5583308974111622 1
1777588450070 0.49394121969288046 2
1777588450311 0.4581700141795657 3
1777588450548 0.4407737548886375 4
1777588450795 0.43100604313341057 5
1777588451039 0.4288850310681896 6
1777588451304 0.4309537134725939 7
1777588451560 0.4231563765894283 8
1777588451808 0.4218405626544898 9
1777588452074 0.42315680271183903 10
1777588452316 0.41937834269959817 11
1777588452580 0.42188178857957775 12
1777588452809 0.41721821982752194 13
1777588453082 0.41741782265969296 14
1777588453344 0.4133531699295748 15
1777588453591 0.41678121050989086 16
1777588453826 0.41618193804540415 17
1777588454068 0.4179630249061368 18
1777588454320 0.4139211413196542 19
1777588454568 0.41435832614925777 20
1777588454805 0.4119564490392804 21
1777588455044 0.4126397580416365 22
1777588455289 0.4127661998976361 23
1777588455556 0.40973276509480044 24
1777588455794 0.41293593860146677 25
1777588456034 0.4115909690206701 26
1777588456275 0.4114424094388431 27
1777588456541 0.4111978601325642 28
1777588456772 0.41456717100333085 29
1777588457012 0.41194424007765273 30
1777588457289 0.40808936064554885 31
1777588457527 0.40868189541453664 32
1777588449508 0.639623318544843 0
