1777150190342 0.39265316376026643 0
1777150190411 0.04467183908328731 1
1777150190481 0.006971005241366777 2
1777150190548 0.00324700835923803 3
1777150190630 0.0019623020346811477 4
1777150190764 0.0013490194514235282 5
1777150190840 0.0009765303644173323 6
1777150190912 0.0007151613220017641 7
1777150190983 0.0006037066517858468 8
1777150191042 0.0004484912051145542 9
1777150191113 0.00042185979056855703 10
1777150191180 0.0003352417097243659 11
1777150191249 0.0002721007606831994 12
1777150191313 0.0002375776470642527 13
1777150191379 0.0001987838494390784 14
1777150191455 0.00020811947785872727 15
1777150191522 0.000155988976481975 16
1777150191586 0.0001621189895036452 17
1777150191646 0.00012251603615407068 18
1777150191701 0.00011321378878300436 19
1777150191769 9.806811934314727e-05 20
1777150191829 0.00010012993914913634 21
1777150191894 9.271676935895812e-05 22
1777150191948 8.037114848582163e-05 23
1777150192004 9.199385517313978e-05 24
1777150192065 7.824442702180835e-05 25
1777150192124 6.861081692477455e-05 26
1777150192181 5.245402621283652e-05 27
1777150192243 5.128997087167784e-05 28
1777150192303 5.882770497880708e-05 29
1777150192361 4.4239484811848166e-05 30
1777150192421 4.838624279224685e-05 31
1777150192480 4.721376525923644e-05 32
1777150192535 5.6152772869725284e-05 33
1777150192590 4.2431639756498355e-05 34
1777150192648 3.193593868266536e-05 35
1777150192707 3.64538604929855e-05 36
1777150192773 3.303666563682627e-05 37
1777150192846 3.2133283465109924e-05 38
1777150192909 2.9261669159824763e-05 39
1777150192972 2.878380243426828e-05 40
1777150193037 2.853382692534224e-05 41
1777150193100 3.0614610760165575e-05 42
1777150193175 2.305188682510832e-05 43
1777150193232 2.0686975413480738e-05 44
1777150193300 2.4079162450165158e-05 45
1777150193364 2.0258642807482134e-05 46
1777150193422 1.719398789375307e-05 47
1777150193483 1.8258913014699614e-05 48
1777150193540 1.9007545756238036e-05 49
1777150190342 0.39265316376026643 0
