1777148852643 0.6066834888559707 0
1777148852698 0.46607222645840746 1
1777148852754 0.234407551111059 2
1777148852808 0.07565244905492093 3
1777148852861 0.02920937853211418 4
1777148852918 0.015429254759974937 5
1777148852970 0.00962679604306183 6
1777148853020 0.006614110719888134 7
1777148853072 0.004846106729212593 8
1777148853122 0.0037149050114478202 9
1777148853177 0.002941830680665976 10
1777148853230 0.002380587428094859 11
1777148853280 0.0019822350846841297 12
1777148853328 0.0016646191150821903 13
1777148853376 0.0014145807784169595 14
1777148853425 0.0012198113179963796 15
1777148853478 0.001059701385105306 16
1777148853531 0.0009327460553477261 17
1777148853584 0.000823540978401186 18
1777148853642 0.0007333640235803149 19
1777148853697 0.0006600028594975617 20
1777148853744 0.000591874404369477 21
1777148853796 0.0005340601095900018 22
1777148853858 0.00048603272242620193 23
1777148853922 0.0004428531745438801 24
1777148853986 0.0004054675426116174 25
1777148854053 0.00037203805596676675 26
1777148854119 0.0003428813159847236 27
1777148854182 0.0003165918779485126 28
1777148854234 0.00029260991265046154 29
1777148854291 0.0002728360336635539 30
1777148854353 0.00025303260283296967 31
1777148854401 0.00023480464222573459 32
1777148854450 0.00021969773428901 33
1777148854504 0.00020523074543118437 34
1777148854563 0.00019228479117799075 35
1777148854613 0.00018087486201461326 36
1777148854664 0.00016949341404548984 37
1777148854713 0.00015927626094359786 38
1777148854762 0.00015036196852266352 39
1777148854814 0.00014228849102708294 40
1777148854863 0.00013411729060920906 41
1777148854911 0.000126273356495113 42
1777148854962 0.0001194309789230403 43
1777148855024 0.00011323138715716653 44
1777148855085 0.00010801362023290068 45
1777148855146 0.00010217473816815169 46
1777148855211 9.696366822104306e-05 47
1777148855274 9.231791084451462e-05 48
1777148855332 8.753481396273313e-05 49
1777148852643 0.6066834888559707 0
