1777150012584 0.39265316376026643 0
1777150012644 0.04467183908328731 1
1777150012698 0.006971005241366777 2
1777150012756 0.00324700835923803 3
1777150012816 0.0019623020346811477 4
1777150012882 0.0013490194514235282 5
1777150012946 0.0009765303644173323 6
1777150013004 0.0007151613220017641 7
1777150013059 0.0006037066517858468 8
1777150013119 0.0004484912051145542 9
1777150013183 0.00042185979056855703 10
1777150013237 0.0003352417097243659 11
1777150013296 0.0002721007606831994 12
1777150013367 0.0002375776470642527 13
1777150013439 0.0001987838494390784 14
1777150013519 0.00020811947785872727 15
1777150013578 0.000155988976481975 16
1777150013641 0.0001621189895036452 17
1777150013696 0.00012251603615407068 18
1777150013757 0.00011321378878300436 19
1777150013818 9.806811934314727e-05 20
1777150013877 0.00010012993914913634 21
1777150013934 9.271676935895812e-05 22
1777150013995 8.037114848582163e-05 23
1777150014048 9.199385517313978e-05 24
1777150014105 7.824442702180835e-05 25
1777150014160 6.861081692477455e-05 26
1777150014212 5.245402621283652e-05 27
1777150014269 5.128997087167784e-05 28
1777150014337 5.882770497880708e-05 29
1777150014405 4.4239484811848166e-05 30
1777150014464 4.838624279224685e-05 31
1777150014518 4.721376525923644e-05 32
1777150014571 5.6152772869725284e-05 33
1777150014626 4.2431639756498355e-05 34
1777150014686 3.193593868266536e-05 35
1777150014743 3.64538604929855e-05 36
1777150014798 3.303666563682627e-05 37
1777150014851 3.2133283465109924e-05 38
1777150014908 2.9261669159824763e-05 39
1777150014964 2.878380243426828e-05 40
1777150015027 2.853382692534224e-05 41
1777150015084 3.0614610760165575e-05 42
1777150015143 2.305188682510832e-05 43
1777150015204 2.0686975413480738e-05 44
1777150015260 2.4079162450165158e-05 45
1777150015314 2.0258642807482134e-05 46
1777150015369 1.719398789375307e-05 47
1777150015428 1.8258913014699614e-05 48
1777150015486 1.9007545756238036e-05 49
1777150012584 0.39265316376026643 0
