1777590440969 0.7526652452025586 0
1777590441352 0.7526652452025586 1
1777590441676 0.7924662402274343 2
1777590441961 0.8059701492537313 3
1777590442238 0.8137882018479033 4
1777590442475 0.814498933901919 5
1777590442718 0.8166311300639659 6
1777590442952 0.8152096659559346 7
1777590443196 0.8152096659559346 8
1777590443439 0.8180525941719972 9
1777590443709 0.8180525941719972 10
1777590443954 0.8180525941719972 11
1777590444200 0.8159203980099502 12
1777590444438 0.8180525941719972 13
1777590444673 0.8173418621179815 14
1777590444915 0.8173418621179815 15
1777590445136 0.8194740582800284 16
1777590445368 0.8173418621179815 17
1777590445612 0.8180525941719972 18
1777590445852 0.8187633262260128 19
1777590446081 0.820184790334044 20
1777590446330 0.8166311300639659 21
1777590446635 0.8180525941719972 22
1777590446906 0.820184790334044 23
1777590447195 0.8194740582800284 24
1777590447486 0.8187633262260128 25
1777590447765 0.820184790334044 26
1777590448063 0.8194740582800284 27
1777590448352 0.8180525941719972 28
1777590448595 0.8173418621179815 29
1777590448853 0.820184790334044 30
1777590449127 0.8180525941719972 31
1777590449411 0.8194740582800284 32
1777590440969 0.7526652452025586 0
