1777590440986 0.0 0
1777590441368 0.0 1
1777590441692 0.3177570093457944 2
1777590441974 0.5411764705882353 3
1777590442254 0.5801282051282052 4
1777590442487 0.5824 5
1777590442729 0.5917721518987342 6
1777590442965 0.5962732919254659 7
1777590443208 0.5924764890282131 8
1777590443452 0.6073619631901841 9
1777590443727 0.6037151702786377 10
1777590443966 0.6037151702786377 11
1777590444213 0.6105263157894737 12
1777590444450 0.6012461059190031 13
1777590444687 0.6123680241327301 14
1777590444926 0.6027820710973725 15
1777590445147 0.603125 16
1777590445381 0.6123680241327301 17
1777590445624 0.6073619631901841 18
1777590445865 0.6106870229007634 19
1777590446095 0.6077519379844961 20
1777590446342 0.6183431952662722 21
1777590446651 0.6121212121212121 22
1777590446921 0.6089644513137558 23
1777590447209 0.60062893081761 24
1777590447501 0.6142208774583964 25
1777590447779 0.6101694915254238 26
1777590448077 0.6139817629179332 27
1777590448366 0.6121212121212121 28
1777590448606 0.6158445440956651 29
1777590448868 0.6053042121684867 30
1777590449140 0.6144578313253012 31
1777590449425 0.6055900621118012 32
1777590440986 0.0 0
