1777590440975 0.0 0
1777590441358 0.0 1
1777590441682 0.85 2
1777590441966 0.6518218623481782 3
1777590442243 0.6557971014492754 4
1777590442479 0.6570397111913358 5
1777590442722 0.6584507042253521 6
1777590442957 0.6486486486486487 7
1777590443200 0.6517241379310345 8
1777590443442 0.6513157894736842 9
1777590443714 0.6543624161073825 10
1777590443957 0.6543624161073825 11
1777590444205 0.6403785488958991 12
1777590444442 0.6564625850340136 13
1777590444677 0.6444444444444445 14
1777590444918 0.6521739130434783 15
1777590445139 0.660958904109589 16
1777590445372 0.6444444444444445 17
1777590445616 0.6513157894736842 18
1777590445857 0.6514657980456026 19
1777590446085 0.6599326599326599 20
1777590446334 0.6371951219512195 21
1777590446640 0.6474358974358975 22
1777590446911 0.6588628762541806 23
1777590447199 0.6631944444444444 24
1777590447491 0.6485623003194888 25
1777590447770 0.6578073089700996 26
1777590448067 0.6516129032258065 27
1777590448357 0.6474358974358975 28
1777590448598 0.6417445482866043 29
1777590448858 0.6621160409556314 30
1777590449132 0.6455696202531646 31
1777590449416 0.6587837837837838 32
1777590440975 0.0 0
