1777590440980 0.0 0
1777590441362 0.0 1
1777590441687 0.19540229885057472 2
1777590441970 0.46264367816091956 3
1777590442248 0.5201149425287356 4
1777590442483 0.5229885057471264 5
1777590442726 0.5373563218390804 6
1777590442961 0.5517241379310345 7
1777590443204 0.5431034482758621 8
1777590443447 0.5689655172413793 9
1777590443721 0.5603448275862069 10
1777590443961 0.5603448275862069 11
1777590444209 0.5833333333333334 12
1777590444446 0.5545977011494253 13
1777590444682 0.5833333333333334 14
1777590444922 0.5603448275862069 15
1777590445143 0.5545977011494253 16
1777590445377 0.5833333333333334 17
1777590445620 0.5689655172413793 18
1777590445861 0.5747126436781609 19
1777590446090 0.5632183908045977 20
1777590446338 0.6005747126436781 21
1777590446645 0.5804597701149425 22
1777590446916 0.5660919540229885 23
1777590447204 0.5488505747126436 24
1777590447496 0.5833333333333334 25
1777590447774 0.5689655172413793 26
1777590448072 0.5804597701149425 27
1777590448361 0.5804597701149425 28
1777590448602 0.5919540229885057 29
1777590448864 0.5574712643678161 30
1777590449136 0.5862068965517241 31
1777590449421 0.5603448275862069 32
1777590440980 0.0 0
