1777590440957 0.639623318544843 0
1777590441340 0.5583308974111622 1
1777590441667 0.49394121969288046 2
1777590441951 0.4581700141795657 3
1777590442228 0.4407737548886375 4
1777590442467 0.43100604313341057 5
1777590442710 0.4288850310681896 6
1777590442944 0.4309537134725939 7
1777590443186 0.4231563765894283 8
1777590443430 0.4218405626544898 9
1777590443699 0.42315680271183903 10
1777590443946 0.41937834269959817 11
1777590444190 0.42188178857957775 12
1777590444430 0.41721821982752194 13
1777590444664 0.41741782265969296 14
1777590444907 0.4133531699295748 15
1777590445127 0.41678121050989086 16
1777590445359 0.41618193804540415 17
1777590445604 0.4179630249061368 18
1777590445843 0.4139211413196542 19
1777590446073 0.41435832614925777 20
1777590446320 0.4119564490392804 21
1777590446625 0.4126397580416365 22
1777590446898 0.4127661998976361 23
1777590447184 0.40973276509480044 24
1777590447476 0.41293593860146677 25
1777590447757 0.4115909690206701 26
1777590448052 0.4114424094388431 27
1777590448343 0.4111978601325642 28
1777590448587 0.41456717100333085 29
1777590448842 0.41194424007765273 30
1777590449117 0.40808936064554885 31
1777590449401 0.40868189541453664 32
1777590440957 0.639623318544843 0
