1777588256552 0.7995735607675906 0
1777588256827 0.9111584932480455 1
1777588257110 0.9737029140014215 2
1777588257353 0.9928926794598436 3
1777588257591 0.997867803837953 4
1777588257827 1.0 5
1777588258071 1.0 6
1777588258322 1.0 7
1777588258562 1.0 8
1777588258838 1.0 9
1777588259080 1.0 10
1777588259332 1.0 11
1777588259564 1.0 12
1777588259815 1.0 13
1777588260051 1.0 14
1777588260324 1.0 15
1777588260601 1.0 16
1777588260856 1.0 17
1777588261110 1.0 18
1777588261348 1.0 19
1777588261589 1.0 20
1777588261811 1.0 21
1777588262058 1.0 22
1777588262287 1.0 23
1777588262507 1.0 24
1777588262736 1.0 25
1777588262985 1.0 26
1777588263227 1.0 27
1777588263485 1.0 28
1777588263705 1.0 29
1777588263963 1.0 30
1777588264204 1.0 31
1777588264466 1.0 32
1777588264700 1.0 33
1777588264941 1.0 34
1777588265213 1.0 35
1777588265469 1.0 36
1777588265686 1.0 37
1777588265919 1.0 38
1777588266169 1.0 39
1777588266427 1.0 40
1777588266660 1.0 41
1777588266881 1.0 42
1777588267127 1.0 43
1777588267399 1.0 44
1777588267639 1.0 45
1777588267861 1.0 46
1777588268096 1.0 47
1777588268370 1.0 48
1777588268608 1.0 49
1777588268857 1.0 50
1777588269097 1.0 51
1777588269345 1.0 52
1777588269591 1.0 53
1777588269830 1.0 54
1777588270076 1.0 55
1777588270299 1.0 56
1777588270526 1.0 57
1777588270755 1.0 58
1777588270999 1.0 59
1777588271258 1.0 60
1777588271489 1.0 61
1777588271730 1.0 62
1777588271964 1.0 63
1777588272189 1.0 64
1777588272421 1.0 65
1777588272651 1.0 66
1777588272879 1.0 67
1777588273105 1.0 68
1777588273346 1.0 69
1777588273594 1.0 70
1777588273847 1.0 71
1777588274098 1.0 72
1777588274333 1.0 73
1777588274574 1.0 74
1777588274838 1.0 75
1777588275080 1.0 76
1777588275336 1.0 77
1777588275579 1.0 78
1777588275804 1.0 79
1777588276052 1.0 80
1777588276279 1.0 81
1777588276522 1.0 82
1777588276764 1.0 83
1777588276992 1.0 84
1777588277216 1.0 85
1777588277436 1.0 86
1777588277682 1.0 87
1777588277919 1.0 88
1777588278175 1.0 89
1777588278420 1.0 90
1777588278641 1.0 91
1777588278894 1.0 92
1777588279137 1.0 93
1777588279369 1.0 94
1777588279635 1.0 95
1777588279935 1.0 96
1777588280229 1.0 97
1777588280513 1.0 98
1777588280780 1.0 99
1777588256552 0.7995735607675906 0
