1777588256566 0.3188405797101449 0
1777588256842 0.7810858143607706 1
1777588257124 0.9438543247344461 2
1777588257364 0.9854227405247813 3
1777588257603 0.9956709956709957 4
1777588257839 1.0 5
1777588258084 1.0 6
1777588258333 1.0 7
1777588258574 1.0 8
1777588258850 1.0 9
1777588259093 1.0 10
1777588259345 1.0 11
1777588259576 1.0 12
1777588259828 1.0 13
1777588260063 1.0 14
1777588260340 1.0 15
1777588260617 1.0 16
1777588260868 1.0 17
1777588261124 1.0 18
1777588261360 1.0 19
1777588261601 1.0 20
1777588261824 1.0 21
1777588262070 1.0 22
1777588262299 1.0 23
1777588262518 1.0 24
1777588262749 1.0 25
1777588262998 1.0 26
1777588263241 1.0 27
1777588263498 1.0 28
1777588263719 1.0 29
1777588263975 1.0 30
1777588264219 1.0 31
1777588264477 1.0 32
1777588264712 1.0 33
1777588264955 1.0 34
1777588265227 1.0 35
1777588265480 1.0 36
1777588265697 1.0 37
1777588265933 1.0 38
1777588266181 1.0 39
1777588266441 1.0 40
1777588266671 1.0 41
1777588266895 1.0 42
1777588267140 1.0 43
1777588267411 1.0 44
1777588267650 1.0 45
1777588267871 1.0 46
1777588268109 1.0 47
1777588268383 1.0 48
1777588268620 1.0 49
1777588268870 1.0 50
1777588269110 1.0 51
1777588269361 1.0 52
1777588269605 1.0 53
1777588269842 1.0 54
1777588270088 1.0 55
1777588270312 1.0 56
1777588270538 1.0 57
1777588270768 1.0 58
1777588271017 1.0 59
1777588271269 1.0 60
1777588271502 1.0 61
1777588271741 1.0 62
1777588271975 1.0 63
1777588272200 1.0 64
1777588272434 1.0 65
1777588272663 1.0 66
1777588272890 1.0 67
1777588273116 1.0 68
1777588273358 1.0 69
1777588273606 1.0 70
1777588273861 1.0 71
1777588274110 1.0 72
1777588274346 1.0 73
1777588274586 1.0 74
1777588274850 1.0 75
1777588275093 1.0 76
1777588275349 1.0 77
1777588275590 1.0 78
1777588275817 1.0 79
1777588276063 1.0 80
1777588276291 1.0 81
1777588276533 1.0 82
1777588276776 1.0 83
1777588277003 1.0 84
1777588277227 1.0 85
1777588277447 1.0 86
1777588277698 1.0 87
1777588277933 1.0 88
1777588278189 1.0 89
1777588278431 1.0 90
1777588278655 1.0 91
1777588278906 1.0 92
1777588279151 1.0 93
1777588279382 1.0 94
1777588279651 1.0 95
1777588279949 1.0 96
1777588280245 1.0 97
1777588280526 1.0 98
1777588280794 1.0 99
1777588256566 0.3188405797101449 0
