1777588256556 1.0 0
1777588256832 1.0 1
1777588257114 1.0 2
1777588257357 1.0 3
1777588257595 1.0 4
1777588257831 1.0 5
1777588258075 1.0 6
1777588258325 1.0 7
1777588258566 1.0 8
1777588258842 1.0 9
1777588259084 1.0 10
1777588259336 1.0 11
1777588259568 1.0 12
1777588259820 1.0 13
1777588260055 1.0 14
1777588260330 1.0 15
1777588260606 1.0 16
1777588260861 1.0 17
1777588261115 1.0 18
1777588261352 1.0 19
1777588261593 1.0 20
1777588261815 1.0 21
1777588262062 1.0 22
1777588262292 1.0 23
1777588262511 1.0 24
1777588262741 1.0 25
1777588262989 1.0 26
1777588263232 1.0 27
1777588263490 1.0 28
1777588263709 1.0 29
1777588263967 1.0 30
1777588264208 1.0 31
1777588264469 1.0 32
1777588264704 1.0 33
1777588264946 1.0 34
1777588265218 1.0 35
1777588265472 1.0 36
1777588265690 1.0 37
1777588265924 1.0 38
1777588266174 1.0 39
1777588266432 1.0 40
1777588266663 1.0 41
1777588266886 1.0 42
1777588267131 1.0 43
1777588267403 1.0 44
1777588267643 1.0 45
1777588267864 1.0 46
1777588268101 1.0 47
1777588268374 1.0 48
1777588268612 1.0 49
1777588268862 1.0 50
1777588269101 1.0 51
1777588269350 1.0 52
1777588269596 1.0 53
1777588269834 1.0 54
1777588270080 1.0 55
1777588270304 1.0 56
1777588270530 1.0 57
1777588270759 1.0 58
1777588271005 1.0 59
1777588271262 1.0 60
1777588271493 1.0 61
1777588271734 1.0 62
1777588271967 1.0 63
1777588272193 1.0 64
1777588272425 1.0 65
1777588272655 1.0 66
1777588272883 1.0 67
1777588273109 1.0 68
1777588273350 1.0 69
1777588273598 1.0 70
1777588273852 1.0 71
1777588274102 1.0 72
1777588274338 1.0 73
1777588274578 1.0 74
1777588274842 1.0 75
1777588275084 1.0 76
1777588275341 1.0 77
1777588275583 1.0 78
1777588275808 1.0 79
1777588276056 1.0 80
1777588276283 1.0 81
1777588276526 1.0 82
1777588276768 1.0 83
1777588276996 1.0 84
1777588277219 1.0 85
1777588277439 1.0 86
1777588277687 1.0 87
1777588277924 1.0 88
1777588278180 1.0 89
1777588278424 1.0 90
1777588278646 1.0 91
1777588278898 1.0 92
1777588279142 1.0 93
1777588279373 1.0 94
1777588279641 1.0 95
1777588279939 1.0 96
1777588280234 1.0 97
1777588280517 1.0 98
1777588280785 1.0 99
1777588256556 1.0 0
