1777588256561 0.1896551724137931 0
1777588256837 0.6408045977011494 1
1777588257119 0.8936781609195402 2
1777588257360 0.9712643678160919 3
1777588257599 0.9913793103448276 4
1777588257835 1.0 5
1777588258079 1.0 6
1777588258329 1.0 7
1777588258570 1.0 8
1777588258845 1.0 9
1777588259089 1.0 10
1777588259340 1.0 11
1777588259572 1.0 12
1777588259824 1.0 13
1777588260058 1.0 14
1777588260335 1.0 15
1777588260612 1.0 16
1777588260864 1.0 17
1777588261120 1.0 18
1777588261356 1.0 19
1777588261597 1.0 20
1777588261820 1.0 21
1777588262067 1.0 22
1777588262295 1.0 23
1777588262515 1.0 24
1777588262745 1.0 25
1777588262994 1.0 26
1777588263236 1.0 27
1777588263494 1.0 28
1777588263714 1.0 29
1777588263971 1.0 30
1777588264214 1.0 31
1777588264473 1.0 32
1777588264708 1.0 33
1777588264950 1.0 34
1777588265222 1.0 35
1777588265476 1.0 36
1777588265694 1.0 37
1777588265928 1.0 38
1777588266178 1.0 39
1777588266436 1.0 40
1777588266667 1.0 41
1777588266891 1.0 42
1777588267136 1.0 43
1777588267407 1.0 44
1777588267646 1.0 45
1777588267868 1.0 46
1777588268105 1.0 47
1777588268378 1.0 48
1777588268616 1.0 49
1777588268866 1.0 50
1777588269106 1.0 51
1777588269355 1.0 52
1777588269600 1.0 53
1777588269838 1.0 54
1777588270084 1.0 55
1777588270308 1.0 56
1777588270534 1.0 57
1777588270763 1.0 58
1777588271011 1.0 59
1777588271265 1.0 60
1777588271497 1.0 61
1777588271737 1.0 62
1777588271971 1.0 63
1777588272197 1.0 64
1777588272430 1.0 65
1777588272659 1.0 66
1777588272887 1.0 67
1777588273113 1.0 68
1777588273354 1.0 69
1777588273602 1.0 70
1777588273857 1.0 71
1777588274106 1.0 72
1777588274342 1.0 73
1777588274582 1.0 74
1777588274846 1.0 75
1777588275089 1.0 76
1777588275345 1.0 77
1777588275586 1.0 78
1777588275813 1.0 79
1777588276059 1.0 80
1777588276287 1.0 81
1777588276529 1.0 82
1777588276772 1.0 83
1777588277000 1.0 84
1777588277223 1.0 85
1777588277443 1.0 86
1777588277693 1.0 87
1777588277929 1.0 88
1777588278184 1.0 89
1777588278428 1.0 90
1777588278651 1.0 91
1777588278903 1.0 92
1777588279146 1.0 93
1777588279377 1.0 94
1777588279646 1.0 95
1777588279944 1.0 96
1777588280240 1.0 97
1777588280521 1.0 98
1777588280790 1.0 99
1777588256561 0.1896551724137931 0
