1777588256540 0.6621725897897374 0
1777588256818 0.5313829186965119 1
1777588257101 0.31776792132718995 2
1777588257345 0.17335600101134993 3
1777588257583 0.0965018301609565 4
1777588257820 0.05571829380509867 5
1777588258061 0.035642407442951066 6
1777588258313 0.02269291439072483 7
1777588258554 0.01637226911473342 8
1777588258830 0.012192141060950235 9
1777588259072 0.009460003829603507 10
1777588259322 0.006836633207223547 11
1777588259556 0.0052417079350561835 12
1777588259806 0.004396214325176764 13
1777588260042 0.003725810393503211 14
1777588260315 0.0033668125119716437 15
1777588260591 0.0028492270863683766 16
1777588260848 0.002010181536950933 17
1777588261100 0.0016159943722662072 18
1777588261341 0.0016779416944866005 19
1777588261579 0.0013698059318068606 20
1777588261802 0.0011325734872529706 21
1777588262049 0.0010532633852397505 22
1777588262278 0.0007930347962676685 23
1777588262499 0.0007329881412839644 24
1777588262728 0.0006273402919263885 25
1777588262975 0.000661296246686437 26
1777588263219 0.0006450525740795208 27
1777588263476 0.0005111260186574575 28
1777588263697 0.0004173381401993869 29
1777588263953 0.0003733234736748934 30
1777588264196 0.0003169836057333503 31
1777588264458 0.00029982112786538807 32
1777588264691 0.0002765364681842832 33
1777588264932 0.00024300227056011698 34
1777588265205 0.00021984344264389867 35
1777588265460 0.00018131615840130425 36
1777588265678 0.00019596662239316422 37
1777588265911 0.00022354455148326286 38
1777588266161 0.00013951567910391367 39
1777588266418 0.000128163241893989 40
1777588266652 0.0001355457355549044 41
1777588266874 0.00010075185427509 42
1777588267118 0.00010747780565493899 43
1777588267389 8.806764108468005e-05 44
1777588267631 0.00011842763327959719 45
1777588267852 8.291485561719789e-05 46
1777588268088 0.00015715870086100122 47
1777588268360 9.56280590300325e-05 48
1777588268601 6.547685119719723e-05 49
1777588268848 6.337670281456295e-05 50
1777588269090 5.208156456019837e-05 51
1777588269335 5.771861866450804e-05 52
1777588269582 4.059344167279216e-05 53
1777588269822 3.5295435137331054e-05 54
1777588270068 3.287588743719735e-05 55
1777588270290 2.7509832527528033e-05 56
1777588270517 2.7187064253682408e-05 57
1777588270747 3.0493921210512038e-05 58
1777588270984 1.8595715680837863e-05 59
1777588271250 2.071501536187787e-05 60
1777588271481 1.9569752481306647e-05 61
1777588271722 2.0842487260288387e-05 62
1777588271956 1.4453978883918497e-05 63
1777588272181 2.0230270472154643e-05 64
1777588272413 1.5174754693380134e-05 65
1777588272642 2.298966928761879e-05 66
1777588272871 8.862086716990545e-06 67
1777588273096 8.986659199582515e-06 68
1777588273338 9.159456502190592e-06 69
1777588273586 1.3957215662330213e-05 70
1777588273838 1.2230496325442305e-05 71
1777588274090 7.380093679489684e-06 72
1777588274326 7.039022791310856e-06 73
1777588274566 6.306568018598181e-06 74
1777588274828 7.354253651150409e-06 75
1777588275071 5.951698259242345e-06 76
1777588275327 6.315943523253638e-06 77
1777588275570 5.274298828713856e-06 78
1777588275796 4.058539868744372e-06 79
1777588276044 6.806713347184967e-06 80
1777588276272 3.291404556561194e-06 81
1777588276514 2.8257272922761376e-06 82
1777588276756 1.6842605559543664e-05 83
1777588276985 2.8499804177234917e-06 84
1777588277208 2.1471705171638433e-06 85
1777588277428 2.124873395257445e-06 86
1777588277671 2.6836828908027854e-06 87
1777588277910 2.2742166821258665e-06 88
1777588278166 3.3149251719256543e-06 89
1777588278413 1.5753438327563303e-06 90
1777588278634 1.2194904081401377e-06 91
1777588278887 5.207295126995572e-06 92
1777588279129 2.3312078548866988e-06 93
1777588279361 2.328112069856856e-06 94
1777588279625 3.2830719709699774e-06 95
1777588279925 1.3383831200984953e-06 96
1777588280218 8.312532981088775e-07 97
1777588280504 1.0469654270913025e-06 98
1777588280771 1.5130299302461165e-06 99
1777588256540 0.6621725897897374 0
