1777824875498 0.7526652452025586 0
1777824875724 0.7526652452025586 1
1777824875967 0.7924662402274343 2
1777824876204 0.8059701492537313 3
1777824876468 0.8137882018479033 4
1777824876715 0.814498933901919 5
1777824876956 0.8166311300639659 6
1777824877171 0.8152096659559346 7
1777824877401 0.8152096659559346 8
1777824877630 0.8180525941719972 9
1777824877885 0.8180525941719972 10
1777824878182 0.8180525941719972 11
1777824878499 0.8159203980099502 12
1777824878771 0.8180525941719972 13
1777824879035 0.8173418621179815 14
1777824879322 0.8173418621179815 15
1777824879562 0.8194740582800284 16
1777824879806 0.8173418621179815 17
1777824880043 0.8180525941719972 18
1777824880296 0.8187633262260128 19
1777824880545 0.820184790334044 20
1777824880766 0.8166311300639659 21
1777824880985 0.8180525941719972 22
1777824881247 0.820184790334044 23
1777824881485 0.8194740582800284 24
1777824881727 0.8187633262260128 25
1777824881956 0.820184790334044 26
1777824882182 0.8194740582800284 27
1777824882409 0.8180525941719972 28
1777824882655 0.8173418621179815 29
1777824882885 0.820184790334044 30
1777824883111 0.8180525941719972 31
1777824883353 0.8194740582800284 32
