1777824875510 0.0 0
1777824875737 0.0 1
1777824875978 0.3177570093457944 2
1777824876219 0.5411764705882353 3
1777824876480 0.5801282051282052 4
1777824876726 0.5824 5
1777824876967 0.5917721518987342 6
1777824877182 0.5962732919254659 7
1777824877413 0.5924764890282131 8
1777824877641 0.6073619631901841 9
1777824877899 0.6037151702786377 10
1777824878197 0.6037151702786377 11
1777824878518 0.6105263157894737 12
1777824878783 0.6012461059190031 13
1777824879050 0.6123680241327301 14
1777824879334 0.6027820710973725 15
1777824879574 0.603125 16
1777824879817 0.6123680241327301 17
1777824880055 0.6073619631901841 18
1777824880311 0.6106870229007634 19
1777824880557 0.6077519379844961 20
1777824880778 0.6183431952662722 21
1777824880999 0.6121212121212121 22
1777824881258 0.6089644513137558 23
1777824881499 0.60062893081761 24
1777824881739 0.6142208774583964 25
1777824881967 0.6101694915254238 26
1777824882193 0.6139817629179332 27
1777824882420 0.6121212121212121 28
1777824882666 0.6158445440956651 29
1777824882898 0.6053042121684867 30
1777824883127 0.6144578313253012 31
1777824883365 0.6055900621118012 32
