1777824875502 0.0 0
1777824875728 0.0 1
1777824875970 0.85 2
1777824876209 0.6518218623481782 3
1777824876472 0.6557971014492754 4
1777824876719 0.6570397111913358 5
1777824876960 0.6584507042253521 6
1777824877174 0.6486486486486487 7
1777824877405 0.6517241379310345 8
1777824877634 0.6513157894736842 9
1777824877890 0.6543624161073825 10
1777824878187 0.6543624161073825 11
1777824878504 0.6403785488958991 12
1777824878775 0.6564625850340136 13
1777824879040 0.6444444444444445 14
1777824879326 0.6521739130434783 15
1777824879566 0.660958904109589 16
1777824879809 0.6444444444444445 17
1777824880046 0.6513157894736842 18
1777824880300 0.6514657980456026 19
1777824880549 0.6599326599326599 20
1777824880770 0.6371951219512195 21
1777824880990 0.6474358974358975 22
1777824881251 0.6588628762541806 23
1777824881490 0.6631944444444444 24
1777824881730 0.6485623003194888 25
1777824881960 0.6578073089700996 26
1777824882186 0.6516129032258065 27
1777824882413 0.6474358974358975 28
1777824882658 0.6417445482866043 29
1777824882889 0.6621160409556314 30
1777824883117 0.6455696202531646 31
1777824883357 0.6587837837837838 32
