1777824875506 0.0 0
1777824875732 0.0 1
1777824875974 0.19540229885057472 2
1777824876215 0.46264367816091956 3
1777824876476 0.5201149425287356 4
1777824876723 0.5229885057471264 5
1777824876964 0.5373563218390804 6
1777824877178 0.5517241379310345 7
1777824877409 0.5431034482758621 8
1777824877637 0.5689655172413793 9
1777824877894 0.5603448275862069 10
1777824878192 0.5603448275862069 11
1777824878510 0.5833333333333334 12
1777824878779 0.5545977011494253 13
1777824879045 0.5833333333333334 14
1777824879330 0.5603448275862069 15
1777824879570 0.5545977011494253 16
1777824879813 0.5833333333333334 17
1777824880051 0.5689655172413793 18
1777824880306 0.5747126436781609 19
1777824880553 0.5632183908045977 20
1777824880774 0.6005747126436781 21
1777824880994 0.5804597701149425 22
1777824881255 0.5660919540229885 23
1777824881494 0.5488505747126436 24
1777824881734 0.5833333333333334 25
1777824881963 0.5689655172413793 26
1777824882190 0.5804597701149425 27
1777824882417 0.5804597701149425 28
1777824882662 0.5919540229885057 29
1777824882894 0.5574712643678161 30
1777824883122 0.5862068965517241 31
1777824883361 0.5603448275862069 32
