1777148920558 0.6066834888559707 0
1777148920627 0.46607222645840746 1
1777148920692 0.234407551111059 2
1777148920759 0.07565244905492093 3
1777148920821 0.02920937853211418 4
1777148920914 0.015429254759974937 5
1777148920980 0.00962679604306183 6
1777148921043 0.006614110719888134 7
1777148921108 0.004846106729212593 8
1777148921171 0.0037149050114478202 9
1777148921235 0.002941830680665976 10
1777148921298 0.002380587428094859 11
1777148921360 0.0019822350846841297 12
1777148921423 0.0016646191150821903 13
1777148921487 0.0014145807784169595 14
1777148921552 0.0012198113179963796 15
1777148921623 0.001059701385105306 16
1777148921690 0.0009327460553477261 17
1777148921753 0.000823540978401186 18
1777148921816 0.0007333640235803149 19
1777148921880 0.0006600028594975617 20
1777148921942 0.000591874404369477 21
1777148922004 0.0005340601095900018 22
1777148922066 0.00048603272242620193 23
1777148922130 0.0004428531745438801 24
1777148922194 0.0004054675426116174 25
1777148922257 0.00037203805596676675 26
1777148922319 0.0003428813159847236 27
1777148922383 0.0003165918779485126 28
1777148922447 0.00029260991265046154 29
1777148922511 0.0002728360336635539 30
1777148922574 0.00025303260283296967 31
1777148922637 0.00023480464222573459 32
1777148922698 0.00021969773428901 33
1777148922761 0.00020523074543118437 34
1777148922824 0.00019228479117799075 35
1777148922889 0.00018087486201461326 36
1777148922952 0.00016949341404548984 37
1777148923016 0.00015927626094359786 38
1777148923079 0.00015036196852266352 39
1777148923144 0.00014228849102708294 40
1777148923209 0.00013411729060920906 41
1777148923272 0.000126273356495113 42
1777148923335 0.0001194309789230403 43
1777148923397 0.00011323138715716653 44
1777148923460 0.00010801362023290068 45
1777148923523 0.00010217473816815169 46
1777148923586 9.696366822104306e-05 47
1777148923648 9.231791084451462e-05 48
1777148923709 8.753481396273313e-05 49
1777148920558 0.6066834888559707 0
