1777587795798 1.0 0
1777587796167 1.0 1
1777587796490 1.0 2
1777587796799 1.0 3
1777587797104 1.0 4
1777587797476 1.0 5
1777587797792 1.0 6
1777587798097 1.0 7
1777587798402 1.0 8
1777587798702 1.0 9
1777587799010 1.0 10
1777587799308 1.0 11
1777587799669 1.0 12
1777587800029 1.0 13
1777587800349 1.0 14
1777587800690 1.0 15
1777587801023 1.0 16
1777587801337 1.0 17
1777587801668 1.0 18
1777587802061 1.0 19
1777587802477 1.0 20
1777587802918 1.0 21
1777587803306 1.0 22
1777587803710 1.0 23
1777587804074 1.0 24
1777587804499 1.0 25
1777587804898 1.0 26
1777587805274 1.0 27
1777587805635 1.0 28
1777587805991 1.0 29
1777587806398 1.0 30
1777587806781 1.0 31
1777587807171 1.0 32
1777587807531 1.0 33
1777587807897 1.0 34
1777587808260 1.0 35
1777587808622 1.0 36
1777587808980 1.0 37
1777587809341 1.0 38
1777587809697 1.0 39
1777587810068 1.0 40
1777587810445 1.0 41
1777587810810 1.0 42
1777587811169 1.0 43
1777587811521 1.0 44
1777587811880 1.0 45
1777587812243 1.0 46
1777587812628 1.0 47
1777587812992 1.0 48
1777587813353 1.0 49
1777587813719 1.0 50
1777587814088 1.0 51
1777587814514 1.0 52
1777587814926 1.0 53
1777587815276 1.0 54
1777587815677 1.0 55
1777587816059 1.0 56
1777587816446 1.0 57
1777587816836 1.0 58
1777587817222 1.0 59
1777587817587 1.0 60
1777587817966 1.0 61
1777587818352 1.0 62
1777587818733 1.0 63
1777587819133 1.0 64
1777587819508 1.0 65
1777587819869 1.0 66
1777587820238 1.0 67
1777587820642 1.0 68
1777587821032 1.0 69
1777587821481 1.0 70
1777587821842 1.0 71
1777587822236 1.0 72
1777587822609 1.0 73
1777587823028 1.0 74
1777587823431 1.0 75
1777587823860 1.0 76
1777587824293 1.0 77
1777587824663 1.0 78
1777587825035 1.0 79
1777587825382 1.0 80
1777587825775 1.0 81
1777587826244 1.0 82
1777587826660 1.0 83
1777587827119 1.0 84
1777587827661 1.0 85
1777587828093 1.0 86
1777587828545 1.0 87
1777587828920 1.0 88
1777587829299 1.0 89
1777587829694 1.0 90
1777587830067 1.0 91
1777587830459 1.0 92
1777587830910 1.0 93
1777587831268 1.0 94
1777587831667 1.0 95
1777587832070 1.0 96
1777587832464 1.0 97
1777587832888 1.0 98
1777587833262 1.0 99
1777587795798 1.0 0
