1777587795815 0.0 0
1777587796182 0.0 1
1777587796503 0.0 2
1777587796810 0.0 3
1777587797117 0.0 4
1777587797490 0.0 5
1777587797804 0.0 6
1777587798111 0.0 7
1777587798416 0.0 8
1777587798716 0.0 9
1777587799022 0.0 10
1777587799320 0.0 11
1777587799682 0.0 12
1777587800042 0.0 13
1777587800362 0.0 14
1777587800702 0.0 15
1777587801036 0.0 16
1777587801350 0.0 17
1777587801683 0.0 18
1777587802076 0.0 19
1777587802492 0.0 20
1777587802932 0.0 21
1777587803321 0.0 22
1777587803724 0.0 23
1777587804089 0.0 24
1777587804515 0.0 25
1777587804913 0.0 26
1777587805288 0.0 27
1777587805649 0.0 28
1777587806006 0.0 29
1777587806423 0.0 30
1777587806796 0.0 31
1777587807185 0.0 32
1777587807545 0.0 33
1777587807911 0.0 34
1777587808274 0.0 35
1777587808636 0.0 36
1777587808995 0.0 37
1777587809355 0.0 38
1777587809711 0.0 39
1777587810082 0.0 40
1777587810459 0.0 41
1777587810824 0.0 42
1777587811183 0.0 43
1777587811534 0.0 44
1777587811894 0.0 45
1777587812257 0.0 46
1777587812642 0.0 47
1777587813005 0.0 48
1777587813366 0.0 49
1777587813733 0.0 50
1777587814102 0.0 51
1777587814529 0.0 52
1777587814940 0.0 53
1777587815290 0.0 54
1777587815691 0.0 55
1777587816074 0.0 56
1777587816461 0.0 57
1777587816852 0.0 58
1777587817235 0.0 59
1777587817601 0.0 60
1777587817983 0.0 61
1777587818367 0.0 62
1777587818749 0.0 63
1777587819147 0.0 64
1777587819523 0.0 65
1777587819883 0.0 66
1777587820252 0.0 67
1777587820659 0.0 68
1777587821046 0.0 69
1777587821495 0.0 70
1777587821857 0.0 71
1777587822250 0.0 72
1777587822624 0.0 73
1777587823044 0.0 74
1777587823449 0.0 75
1777587823876 0.0 76
1777587824311 0.0 77
1777587824678 0.0 78
1777587825049 0.0 79
1777587825395 0.0 80
1777587825790 0.0 81
1777587826262 0.0 82
1777587826673 0.0 83
1777587827139 0.0 84
1777587827675 0.0 85
1777587828111 0.0 86
1777587828560 0.0 87
1777587828934 0.0 88
1777587829313 0.0 89
1777587829708 0.0 90
1777587830083 0.0 91
1777587830473 0.0 92
1777587830924 0.0 93
1777587831282 0.0 94
1777587831683 0.0 95
1777587832084 0.0 96
1777587832479 0.0 97
1777587832902 0.0 98
1777587833277 0.0 99
1777587795815 0.0 0
