1777587795803 0.0 0
1777587796172 0.0 1
1777587796494 0.0 2
1777587796802 0.0 3
1777587797109 0.0 4
1777587797481 0.0 5
1777587797796 0.0 6
1777587798101 0.0 7
1777587798407 0.0 8
1777587798706 0.0 9
1777587799014 0.0 10
1777587799312 0.0 11
1777587799673 0.0 12
1777587800033 0.0 13
1777587800353 0.0 14
1777587800694 0.0 15
1777587801027 0.0 16
1777587801341 0.0 17
1777587801673 0.0 18
1777587802066 0.0 19
1777587802482 0.0 20
1777587802923 0.0 21
1777587803311 0.0 22
1777587803714 0.0 23
1777587804080 0.0 24
1777587804505 0.0 25
1777587804904 0.0 26
1777587805279 0.0 27
1777587805640 0.0 28
1777587805996 0.0 29
1777587806405 0.0 30
1777587806786 0.0 31
1777587807175 0.0 32
1777587807536 0.0 33
1777587807901 0.0 34
1777587808264 0.0 35
1777587808627 0.0 36
1777587808985 0.0 37
1777587809346 0.0 38
1777587809701 0.0 39
1777587810072 0.0 40
1777587810450 0.0 41
1777587810815 0.0 42
1777587811174 0.0 43
1777587811525 0.0 44
1777587811884 0.0 45
1777587812247 0.0 46
1777587812632 0.0 47
1777587812996 0.0 48
1777587813357 0.0 49
1777587813724 0.0 50
1777587814092 0.0 51
1777587814519 0.0 52
1777587814930 0.0 53
1777587815281 0.0 54
1777587815682 0.0 55
1777587816064 0.0 56
1777587816451 0.0 57
1777587816842 0.0 58
1777587817226 0.0 59
1777587817592 0.0 60
1777587817972 0.0 61
1777587818357 0.0 62
1777587818739 0.0 63
1777587819138 0.0 64
1777587819513 0.0 65
1777587819874 0.0 66
1777587820243 0.0 67
1777587820648 0.0 68
1777587821036 0.0 69
1777587821486 0.0 70
1777587821847 0.0 71
1777587822241 0.0 72
1777587822613 0.0 73
1777587823034 0.0 74
1777587823438 0.0 75
1777587823865 0.0 76
1777587824299 0.0 77
1777587824668 0.0 78
1777587825039 0.0 79
1777587825386 0.0 80
1777587825780 0.0 81
1777587826250 0.0 82
1777587826664 0.0 83
1777587827125 0.0 84
1777587827665 0.0 85
1777587828099 0.0 86
1777587828551 0.0 87
1777587828925 0.0 88
1777587829303 0.0 89
1777587829698 0.0 90
1777587830073 0.0 91
1777587830464 0.0 92
1777587830915 0.0 93
1777587831272 0.0 94
1777587831672 0.0 95
1777587832075 0.0 96
1777587832469 0.0 97
1777587832894 0.0 98
1777587833266 0.0 99
1777587795803 0.0 0
