1777587795809 0.0 0
1777587796177 0.0 1
1777587796499 0.0 2
1777587796806 0.0 3
1777587797114 0.0 4
1777587797486 0.0 5
1777587797800 0.0 6
1777587798106 0.0 7
1777587798411 0.0 8
1777587798710 0.0 9
1777587799017 0.0 10
1777587799316 0.0 11
1777587799678 0.0 12
1777587800038 0.0 13
1777587800358 0.0 14
1777587800697 0.0 15
1777587801032 0.0 16
1777587801346 0.0 17
1777587801678 0.0 18
1777587802071 0.0 19
1777587802487 0.0 20
1777587802927 0.0 21
1777587803316 0.0 22
1777587803719 0.0 23
1777587804084 0.0 24
1777587804510 0.0 25
1777587804908 0.0 26
1777587805283 0.0 27
1777587805645 0.0 28
1777587806001 0.0 29
1777587806414 0.0 30
1777587806791 0.0 31
1777587807180 0.0 32
1777587807540 0.0 33
1777587807906 0.0 34
1777587808269 0.0 35
1777587808631 0.0 36
1777587808990 0.0 37
1777587809350 0.0 38
1777587809706 0.0 39
1777587810077 0.0 40
1777587810454 0.0 41
1777587810819 0.0 42
1777587811179 0.0 43
1777587811530 0.0 44
1777587811889 0.0 45
1777587812252 0.0 46
1777587812637 0.0 47
1777587813001 0.0 48
1777587813362 0.0 49
1777587813729 0.0 50
1777587814097 0.0 51
1777587814524 0.0 52
1777587814935 0.0 53
1777587815286 0.0 54
1777587815686 0.0 55
1777587816069 0.0 56
1777587816456 0.0 57
1777587816847 0.0 58
1777587817231 0.0 59
1777587817596 0.0 60
1777587817977 0.0 61
1777587818362 0.0 62
1777587818744 0.0 63
1777587819142 0.0 64
1777587819518 0.0 65
1777587819879 0.0 66
1777587820248 0.0 67
1777587820654 0.0 68
1777587821041 0.0 69
1777587821490 0.0 70
1777587821852 0.0 71
1777587822245 0.0 72
1777587822618 0.0 73
1777587823039 0.0 74
1777587823444 0.0 75
1777587823871 0.0 76
1777587824305 0.0 77
1777587824673 0.0 78
1777587825044 0.0 79
1777587825390 0.0 80
1777587825785 0.0 81
1777587826256 0.0 82
1777587826669 0.0 83
1777587827131 0.0 84
1777587827670 0.0 85
1777587828105 0.0 86
1777587828555 0.0 87
1777587828930 0.0 88
1777587829308 0.0 89
1777587829703 0.0 90
1777587830078 0.0 91
1777587830468 0.0 92
1777587830920 0.0 93
1777587831277 0.0 94
1777587831677 0.0 95
1777587832080 0.0 96
1777587832474 0.0 97
1777587832898 0.0 98
1777587833272 0.0 99
1777587795809 0.0 0
