1777148995662 0.4910113107650838 0
1777148995725 0.3357083962318745 1
1777148995784 0.16195980522860873 2
1777148995852 0.06002038368519316 3
1777148995905 0.02564125597239175 4
1777148995967 0.013576896147842103 5
1777148996022 0.008321350816875062 6
1777148996074 0.005569364191924638 7
1777148996125 0.003978419692275372 8
1777148996174 0.0029787372654066125 9
1777148996230 0.0023131781069442945 10
1777148996286 0.0018513501037229249 11
1777148996343 0.001507769771009446 12
1777148996391 0.0012589511981709524 13
1777148996440 0.001058688445482403 14
1777148996496 0.0009052425807470733 15
1777148996545 0.0007828534097767415 16
1777148996601 0.0006818610690583653 17
1777148996653 0.0006009596790078076 18
1777148996710 0.0005313107487497891 19
1777148996768 0.0004733049129928522 20
1777148996821 0.00042550418491257315 21
1777148996869 0.00038217530372810176 22
1777148996917 0.00034624505342241934 23
1777148996965 0.0003150535188243784 24
1777148997021 0.00028797461059281327 25
1777148997069 0.0002634492820435937 26
1777148997119 0.00024082753147825877 27
1777148997171 0.00022318112763620795 28
1777148997220 0.00020542437785944128 29
1777148997278 0.00019058786200091957 30
1777148997335 0.00017721470268294612 31
1777148997392 0.0001640286410544464 32
1777148997443 0.00015344490833392249 33
1777148997497 0.00014287673052712442 34
1777148997553 0.00013411899217704134 35
1777148997609 0.00012493500911117967 36
1777148997661 0.0001178447005742705 37
1777148997713 0.00011052108706319408 38
1777148997765 0.00010405998654413394 39
1777148997830 9.782151856268954e-05 40
1777148997895 9.257241339234516e-05 41
1777148997953 8.747246248915078e-05 42
1777148998010 8.26415326105718e-05 43
1777148998066 7.819025415030526e-05 44
1777148998124 7.424687081514461e-05 45
1777148998177 7.025784470123596e-05 46
1777148998238 6.673106505099605e-05 47
1777148998299 6.335666136905313e-05 48
1777148998358 6.036590229028816e-05 49
1777148995662 0.4910113107650838 0
