1777213670621 0.7402413058907026 0
1777213670874 0.7345635202271115 1
1777213671092 0.7430801987224982 2
1777213671331 0.7714691270404542 3
1777213671566 0.7835344215755855 4
1777213671781 0.7984386089425124 5
1777213672004 0.808374733853797 6
1777213672222 0.8048261178140526 7
1777213672480 0.8048261178140526 8
1777213672736 0.8055358410220014 9
1777213672978 0.8069552874378992 10
1777213673247 0.8090844570617459 11
1777213673519 0.8090844570617459 12
1777213673805 0.8062455642299503 13
1777213674046 0.8105039034776437 14
1777213674309 0.8105039034776437 15
1777213674586 0.8090844570617459 16
1777213674868 0.808374733853797 17
1777213675131 0.808374733853797 18
1777213675390 0.8090844570617459 19
1777213675681 0.8076650106458482 20
1777213675957 0.8076650106458482 21
1777213676230 0.8076650106458482 22
1777213676504 0.8090844570617459 23
1777213676778 0.8090844570617459 24
1777213677079 0.8090844570617459 25
1777213677379 0.8097941802696949 26
1777213677610 0.8119233498935415 27
1777213677864 0.8112136266855926 28
1777213678120 0.8119233498935415 29
1777213678391 0.8126330731014905 30
1777213678643 0.8119233498935415 31
1777213678902 0.8126330731014905 32
1777213679175 0.8126330731014905 33
1777213679437 0.8119233498935415 34
1777213679667 0.8119233498935415 35
1777213679892 0.8126330731014905 36
1777213680139 0.8133427963094393 37
1777213680406 0.8126330731014905 38
1777213680643 0.8119233498935415 39
1777213680889 0.8112136266855926 40
1777213681116 0.8140525195173882 41
1777213681339 0.8119233498935415 42
1777213681570 0.8126330731014905 43
1777213681798 0.8133427963094393 44
1777213682024 0.8140525195173882 45
1777213682265 0.8147622427253371 46
1777213682491 0.8140525195173882 47
1777213682722 0.8133427963094393 48
1777213682944 0.8147622427253371 49
1777213683181 0.815471965933286 50
1777213683400 0.815471965933286 51
1777213683616 0.815471965933286 52
1777213683862 0.8161816891412349 53
1777213684086 0.815471965933286 54
1777213684315 0.815471965933286 55
1777213684541 0.8126330731014905 56
1777213684790 0.8140525195173882 57
1777213685008 0.8147622427253371 58
1777213685227 0.8133427963094393 59
1777213685451 0.8133427963094393 60
1777213685704 0.8126330731014905 61
1777213685927 0.8126330731014905 62
1777213686146 0.8119233498935415 63
1777213686356 0.8105039034776437 64
1777213686588 0.8126330731014905 65
1777213686828 0.8133427963094393 66
1777213687057 0.8105039034776437 67
1777213687309 0.8147622427253371 68
1777213687566 0.8133427963094393 69
1777213687810 0.8147622427253371 70
1777213688112 0.8147622427253371 71
1777213688358 0.8140525195173882 72
1777213670621 0.7402413058907026 0
