1777213670634 0.05670103092783505 0
1777213670887 0.0 1
1777213671103 0.07179487179487179 2
1777213671343 0.3148936170212766 3
1777213671577 0.4444444444444444 4
1777213671793 0.5328947368421053 5
1777213672017 0.5871559633027523 6
1777213672236 0.6031746031746031 7
1777213672494 0.6132208157524613 8
1777213672749 0.6183844011142061 9
1777213672991 0.6243093922651933 10
1777213673260 0.627939142461964 11
1777213673535 0.6289655172413793 12
1777213673817 0.6265389876880985 13
1777213674059 0.6317241379310344 14
1777213674324 0.6286509040333796 15
1777213674601 0.6258692628650904 16
1777213674881 0.6239554317548747 17
1777213675144 0.6239554317548747 18
1777213675402 0.6248256624825662 19
1777213675698 0.624133148404993 20
1777213675971 0.6302864938608458 21
1777213676245 0.624133148404993 22
1777213676520 0.6269070735090153 23
1777213676792 0.6289655172413793 24
1777213677092 0.6289655172413793 25
1777213677394 0.6298342541436464 26
1777213677622 0.631432545201669 27
1777213677883 0.6346153846153846 28
1777213678135 0.6334716459197787 29
1777213678406 0.6383561643835617 30
1777213678657 0.6344827586206897 31
1777213678914 0.6363636363636364 32
1777213679192 0.6353591160220995 33
1777213679450 0.6364883401920439 34
1777213679681 0.6344827586206897 35
1777213679905 0.6333333333333333 36
1777213680152 0.6321678321678321 37
1777213680417 0.6343490304709142 38
1777213680657 0.631432545201669 39
1777213680903 0.6284916201117319 40
1777213681128 0.6350974930362117 41
1777213681351 0.6324549237170597 42
1777213681581 0.6333333333333333 43
1777213681813 0.6342141863699583 44
1777213682038 0.6320224719101124 45
1777213682278 0.6369958275382476 46
1777213682506 0.6361111111111111 47
1777213682734 0.636237897648686 48
1777213682956 0.6369958275382476 49
1777213683194 0.6358543417366946 50
1777213683413 0.6368715083798883 51
1777213683628 0.637883008356546 52
1777213683874 0.6377622377622377 53
1777213684098 0.6368715083798883 54
1777213684327 0.6358543417366946 55
1777213684555 0.6292134831460674 56
1777213684802 0.6330532212885154 57
1777213685020 0.6339410939691444 58
1777213685240 0.630098452883263 59
1777213685462 0.6311360448807855 60
1777213685721 0.6281690140845071 61
1777213685938 0.6260623229461756 62
1777213686157 0.624113475177305 63
1777213686367 0.6212765957446809 64
1777213686602 0.625 65
1777213686840 0.6269503546099291 66
1777213687069 0.6234132581100141 67
1777213687323 0.6287339971550497 68
1777213687579 0.6258890469416786 69
1777213687825 0.6297872340425532 70
1777213688127 0.6297872340425532 71
1777213688372 0.6299435028248588 72
1777213670634 0.05670103092783505 0
