1777213670625 0.7857142857142857 0
1777213670878 0.0 1
1777213671096 0.875 2
1777213671335 0.7708333333333334 3
1777213671570 0.6971428571428572 4
1777213671785 0.6923076923076923 5
1777213672009 0.6857142857142857 6
1777213672227 0.6551724137931034 7
1777213672484 0.6468842729970327 8
1777213672740 0.6453488372093024 9
1777213672982 0.6457142857142857 10
1777213673251 0.6504297994269341 11
1777213673525 0.6495726495726496 12
1777213673809 0.6414565826330533 13
1777213674050 0.6524216524216524 14
1777213674313 0.6550724637681159 15
1777213674590 0.6521739130434783 16
1777213674873 0.6511627906976745 17
1777213675135 0.6511627906976745 18
1777213675394 0.6530612244897959 19
1777213675686 0.6484149855907781 20
1777213675962 0.6434540389972145 21
1777213676236 0.6484149855907781 22
1777213676509 0.6512968299711815 23
1777213676782 0.6495726495726496 24
1777213677083 0.6495726495726496 25
1777213677384 0.6514285714285715 26
1777213677614 0.6579710144927536 27
1777213677870 0.652542372881356 28
1777213678124 0.6561604584527221 29
1777213678396 0.6544943820224719 30
1777213678648 0.6552706552706553 31
1777213678906 0.65625 32
1777213679181 0.6571428571428571 33
1777213679441 0.6535211267605634 34
1777213679672 0.6552706552706553 35
1777213679896 0.6589595375722543 36
1777213680142 0.6627565982404692 37
1777213680409 0.6580459770114943 38
1777213680647 0.6579710144927536 39
1777213680894 0.6578947368421053 40
1777213681120 0.6627906976744186 41
1777213681343 0.6570605187319885 42
1777213681573 0.6589595375722543 43
1777213681803 0.6608695652173913 44
1777213682029 0.665680473372781 45
1777213682269 0.663768115942029 46
1777213682496 0.661849710982659 47
1777213682726 0.6590257879656161 48
1777213682948 0.663768115942029 49
1777213683186 0.6676470588235294 50
1777213683404 0.6666666666666666 51
1777213683620 0.6656976744186046 52
1777213683866 0.6686217008797654 53
1777213684090 0.6666666666666666 54
1777213684319 0.6676470588235294 55
1777213684546 0.6627218934911243 56
1777213684794 0.6647058823529411 57
1777213685012 0.6666666666666666 58
1777213685231 0.6646884272997032 59
1777213685455 0.6637168141592921 60
1777213685710 0.6636904761904762 61
1777213685931 0.6656626506024096 62
1777213686150 0.6646525679758308 63
1777213686360 0.6616314199395771 64
1777213686592 0.6666666666666666 65
1777213686832 0.6676737160120846 66
1777213687061 0.6597014925373135 67
1777213687313 0.6717325227963525 68
1777213687570 0.668693009118541 69
1777213687815 0.6706948640483383 70
1777213688117 0.6706948640483383 71
1777213688362 0.6676646706586826 72
1777213670625 0.7857142857142857 0
