1777213670630 0.029411764705882353 0
1777213670883 0.0 1
1777213671100 0.0374331550802139 2
1777213671339 0.19786096256684493 3
1777213671574 0.32620320855614976 4
1777213671789 0.43315508021390375 5
1777213672013 0.5133689839572193 6
1777213672231 0.5588235294117647 7
1777213672489 0.5828877005347594 8
1777213672745 0.5935828877005348 9
1777213672987 0.6042780748663101 10
1777213673256 0.606951871657754 11
1777213673530 0.6096256684491979 12
1777213673813 0.6122994652406417 13
1777213674055 0.6122994652406417 14
1777213674318 0.6042780748663101 15
1777213674595 0.6016042780748663 16
1777213674877 0.5989304812834224 17
1777213675139 0.5989304812834224 18
1777213675398 0.5989304812834224 19
1777213675692 0.6016042780748663 20
1777213675967 0.6176470588235294 21
1777213676240 0.6016042780748663 22
1777213676514 0.6042780748663101 23
1777213676787 0.6096256684491979 24
1777213677088 0.6096256684491979 25
1777213677390 0.6096256684491979 26
1777213677618 0.606951871657754 27
1777213677877 0.6176470588235294 28
1777213678130 0.6122994652406417 29
1777213678401 0.6229946524064172 30
1777213678653 0.6149732620320856 31
1777213678910 0.6176470588235294 32
1777213679187 0.6149732620320856 33
1777213679446 0.6203208556149733 34
1777213679677 0.6149732620320856 35
1777213679901 0.6096256684491979 36
1777213680147 0.6042780748663101 37
1777213680413 0.6122994652406417 38
1777213680652 0.606951871657754 39
1777213680898 0.6016042780748663 40
1777213681124 0.6096256684491979 41
1777213681347 0.6096256684491979 42
1777213681577 0.6096256684491979 43
1777213681808 0.6096256684491979 44
1777213682034 0.6016042780748663 45
1777213682274 0.6122994652406417 46
1777213682501 0.6122994652406417 47
1777213682730 0.6149732620320856 48
1777213682952 0.6122994652406417 49
1777213683190 0.606951871657754 50
1777213683409 0.6096256684491979 51
1777213683624 0.6122994652406417 52
1777213683870 0.6096256684491979 53
1777213684094 0.6096256684491979 54
1777213684323 0.606951871657754 55
1777213684551 0.5989304812834224 56
1777213684798 0.6042780748663101 57
1777213685016 0.6042780748663101 58
1777213685235 0.5989304812834224 59
1777213685458 0.6016042780748663 60
1777213685715 0.5962566844919787 61
1777213685934 0.5909090909090909 62
1777213686154 0.5882352941176471 63
1777213686363 0.5855614973262032 64
1777213686597 0.5882352941176471 65
1777213686836 0.5909090909090909 66
1777213687065 0.5909090909090909 67
1777213687318 0.5909090909090909 68
1777213687575 0.5882352941176471 69
1777213687820 0.5935828877005348 70
1777213688122 0.5935828877005348 71
1777213688367 0.5962566844919787 72
1777213670630 0.029411764705882353 0
