1777213670610 0.6629761659492881 0
1777213670864 0.5568938581956981 1
1777213671084 0.4929690280203092 2
1777213671323 0.46625713052722695 3
1777213671557 0.4567862269231829 4
1777213671773 0.4420092135331051 5
1777213671994 0.4376897075250324 6
1777213672213 0.4348633835713069 7
1777213672471 0.4288844287732227 8
1777213672727 0.4237416838690386 9
1777213672968 0.4222759978245881 10
1777213673236 0.42048692501197427 11
1777213673508 0.41839352974110405 12
1777213673796 0.417881192460572 13
1777213674037 0.41496204210203247 14
1777213674300 0.41607042574613107 15
1777213674576 0.419486084816146 16
1777213674858 0.41243651526122443 17
1777213675123 0.41631408448273177 18
1777213675380 0.4109185913861808 19
1777213675670 0.4152834617485434 20
1777213675944 0.4254733611129772 21
1777213676221 0.41126120949195605 22
1777213676493 0.4110271190266825 23
1777213676769 0.4171265209630384 24
1777213677071 0.40776763780642367 25
1777213677368 0.4090111167249033 26
1777213677601 0.414363990143194 27
1777213677851 0.4032462037215799 28
1777213678112 0.4044304865565004 29
1777213678381 0.40826143349631355 30
1777213678631 0.4071850762360514 31
1777213678893 0.40699363487251733 32
1777213679164 0.4011956431013716 33
1777213679428 0.4131720534994104 34
1777213679657 0.40525971525638116 35
1777213679884 0.4064610504497916 36
1777213680130 0.4066249250018664 37
1777213680397 0.40379518388354846 38
1777213680635 0.40487454738994105 39
1777213680879 0.40221653011559094 40
1777213681106 0.4055446995853704 41
1777213681331 0.3988316705224162 42
1777213681561 0.40213070793003686 43
1777213681790 0.4056281130024269 44
1777213682014 0.4074922865730221 45
1777213682257 0.40084205075340756 46
1777213682483 0.4009838867827324 47
1777213682714 0.39777293153065074 48
1777213682937 0.39759903597924334 49
1777213683173 0.40150085790345896 50
1777213683392 0.39967681703257696 51
1777213683607 0.4008258307552607 52
1777213683853 0.3981126299348928 53
1777213684077 0.398101167658628 54
1777213684307 0.4056505512888149 55
1777213684531 0.3999547939010933 56
1777213684780 0.39887157351957203 57
1777213685000 0.3996091464818534 58
1777213685219 0.39690666222723864 59
1777213685443 0.3974512311193229 60
1777213685694 0.40122448051043147 61
1777213685918 0.3957729298768744 62
1777213686138 0.3976353687250008 63
1777213686348 0.40229911874916596 64
1777213686579 0.3981541367405552 65
1777213686820 0.3996522190880641 66
1777213687048 0.39816600303191924 67
1777213687299 0.39895544845168873 68
1777213687555 0.39867270750514533 69
1777213687801 0.3965893191848434 70
1777213688101 0.3972731458265229 71
1777213688349 0.39812620464017834 72
1777213670610 0.6629761659492881 0
