1777151794613 1.0 0
1777151794697 1.0 1
1777151794776 1.0 2
1777151794860 1.0 3
1777151794939 1.0 4
1777151795032 1.0 5
1777151795119 1.0 6
1777151795205 1.0 7
1777151795281 1.0 8
1777151795362 1.0 9
1777151795450 1.0 10
1777151795525 1.0 11
1777151795601 1.0 12
1777151795681 1.0 13
1777151795762 1.0 14
1777151795857 1.0 15
1777151795956 1.0 16
1777151796055 1.0 17
1777151796153 1.0 18
1777151796251 1.0 19
1777151796341 1.0 20
1777151796428 1.0 21
1777151796518 1.0 22
1777151796619 1.0 23
1777151796723 1.0 24
1777151796813 1.0 25
1777151796924 1.0 26
1777151797016 1.0 27
1777151797104 1.0 28
1777151797187 1.0 29
1777151797275 1.0 30
1777151797361 1.0 31
1777151797454 1.0 32
1777151797547 1.0 33
1777151797633 1.0 34
1777151797716 1.0 35
1777151797792 1.0 36
1777151797869 1.0 37
1777151797953 1.0 38
1777151798029 1.0 39
1777151798108 1.0 40
1777151798189 1.0 41
1777151798278 1.0 42
1777151798365 1.0 43
1777151798441 1.0 44
1777151798524 1.0 45
1777151798599 1.0 46
1777151798681 1.0 47
1777151798766 1.0 48
1777151798854 1.0 49
1777151798936 1.0 50
1777151799011 1.0 51
1777151799090 1.0 52
1777151799169 1.0 53
1777151799244 1.0 54
1777151799326 1.0 55
1777151799412 1.0 56
1777151799493 1.0 57
1777151799571 1.0 58
1777151799652 1.0 59
1777151799731 1.0 60
1777151799811 1.0 61
1777151799900 1.0 62
1777151799976 1.0 63
1777151800057 1.0 64
1777151800150 1.0 65
1777151800244 1.0 66
1777151800328 1.0 67
1777151800412 1.0 68
1777151800491 1.0 69
1777151800585 1.0 70
1777151800673 1.0 71
1777151800752 1.0 72
1777151800835 1.0 73
1777151800921 1.0 74
1777151801012 1.0 75
1777151801110 1.0 76
1777151801204 1.0 77
1777151801293 1.0 78
1777151801383 1.0 79
1777151801469 1.0 80
1777151801564 1.0 81
1777151801654 1.0 82
1777151801742 1.0 83
1777151801840 1.0 84
1777151801931 1.0 85
1777151802013 1.0 86
1777151802102 1.0 87
1777151802192 1.0 88
1777151802277 1.0 89
1777151802359 1.0 90
1777151802437 1.0 91
1777151802519 1.0 92
1777151802603 1.0 93
1777151802684 1.0 94
1777151802765 1.0 95
1777151802855 1.0 96
1777151802935 1.0 97
1777151803028 1.0 98
1777151803108 1.0 99
1777151794613 1.0 0
