1777151794626 1.0 0
1777151794708 1.0 1
1777151794788 1.0 2
1777151794871 1.0 3
1777151794949 1.0 4
1777151795046 1.0 5
1777151795132 1.0 6
1777151795216 1.0 7
1777151795293 1.0 8
1777151795373 1.0 9
1777151795461 1.0 10
1777151795536 1.0 11
1777151795612 1.0 12
1777151795692 1.0 13
1777151795776 1.0 14
1777151795871 1.0 15
1777151795970 1.0 16
1777151796069 1.0 17
1777151796167 1.0 18
1777151796266 1.0 19
1777151796354 1.0 20
1777151796439 1.0 21
1777151796532 1.0 22
1777151796634 1.0 23
1777151796737 1.0 24
1777151796832 1.0 25
1777151796936 1.0 26
1777151797030 1.0 27
1777151797115 1.0 28
1777151797201 1.0 29
1777151797288 1.0 30
1777151797374 1.0 31
1777151797465 1.0 32
1777151797561 1.0 33
1777151797644 1.0 34
1777151797727 1.0 35
1777151797803 1.0 36
1777151797882 1.0 37
1777151797965 1.0 38
1777151798041 1.0 39
1777151798119 1.0 40
1777151798201 1.0 41
1777151798291 1.0 42
1777151798376 1.0 43
1777151798454 1.0 44
1777151798535 1.0 45
1777151798611 1.0 46
1777151798693 1.0 47
1777151798778 1.0 48
1777151798867 1.0 49
1777151798947 1.0 50
1777151799023 1.0 51
1777151799101 1.0 52
1777151799180 1.0 53
1777151799256 1.0 54
1777151799337 1.0 55
1777151799425 1.0 56
1777151799505 1.0 57
1777151799582 1.0 58
1777151799664 1.0 59
1777151799742 1.0 60
1777151799825 1.0 61
1777151799911 1.0 62
1777151799992 1.0 63
1777151800068 1.0 64
1777151800164 1.0 65
1777151800257 1.0 66
1777151800342 1.0 67
1777151800425 1.0 68
1777151800502 1.0 69
1777151800597 1.0 70
1777151800683 1.0 71
1777151800766 1.0 72
1777151800846 1.0 73
1777151800933 1.0 74
1777151801026 1.0 75
1777151801124 1.0 76
1777151801218 1.0 77
1777151801304 1.0 78
1777151801396 1.0 79
1777151801483 1.0 80
1777151801578 1.0 81
1777151801664 1.0 82
1777151801756 1.0 83
1777151801853 1.0 84
1777151801943 1.0 85
1777151802026 1.0 86
1777151802112 1.0 87
1777151802206 1.0 88
1777151802290 1.0 89
1777151802371 1.0 90
1777151802448 1.0 91
1777151802530 1.0 92
1777151802614 1.0 93
1777151802695 1.0 94
1777151802776 1.0 95
1777151802868 1.0 96
1777151802947 1.0 97
1777151803039 1.0 98
1777151803119 1.0 99
1777151794626 1.0 0
