1777151794617 1.0 0
1777151794701 1.0 1
1777151794780 1.0 2
1777151794864 1.0 3
1777151794942 1.0 4
1777151795037 1.0 5
1777151795124 1.0 6
1777151795209 1.0 7
1777151795285 1.0 8
1777151795365 1.0 9
1777151795454 1.0 10
1777151795529 1.0 11
1777151795605 1.0 12
1777151795684 1.0 13
1777151795766 1.0 14
1777151795862 1.0 15
1777151795961 1.0 16
1777151796060 1.0 17
1777151796157 1.0 18
1777151796256 1.0 19
1777151796345 1.0 20
1777151796432 1.0 21
1777151796523 1.0 22
1777151796624 1.0 23
1777151796728 1.0 24
1777151796818 1.0 25
1777151796928 1.0 26
1777151797021 1.0 27
1777151797107 1.0 28
1777151797192 1.0 29
1777151797279 1.0 30
1777151797365 1.0 31
1777151797458 1.0 32
1777151797552 1.0 33
1777151797636 1.0 34
1777151797720 1.0 35
1777151797796 1.0 36
1777151797874 1.0 37
1777151797957 1.0 38
1777151798033 1.0 39
1777151798112 1.0 40
1777151798193 1.0 41
1777151798282 1.0 42
1777151798369 1.0 43
1777151798445 1.0 44
1777151798527 1.0 45
1777151798603 1.0 46
1777151798685 1.0 47
1777151798770 1.0 48
1777151798858 1.0 49
1777151798939 1.0 50
1777151799015 1.0 51
1777151799094 1.0 52
1777151799172 1.0 53
1777151799248 1.0 54
1777151799329 1.0 55
1777151799417 1.0 56
1777151799497 1.0 57
1777151799575 1.0 58
1777151799656 1.0 59
1777151799735 1.0 60
1777151799816 1.0 61
1777151799904 1.0 62
1777151799979 1.0 63
1777151800061 1.0 64
1777151800154 1.0 65
1777151800249 1.0 66
1777151800333 1.0 67
1777151800416 1.0 68
1777151800495 1.0 69
1777151800589 1.0 70
1777151800676 1.0 71
1777151800757 1.0 72
1777151800838 1.0 73
1777151800925 1.0 74
1777151801016 1.0 75
1777151801114 1.0 76
1777151801209 1.0 77
1777151801297 1.0 78
1777151801387 1.0 79
1777151801473 1.0 80
1777151801569 1.0 81
1777151801657 1.0 82
1777151801746 1.0 83
1777151801844 1.0 84
1777151801935 1.0 85
1777151802018 1.0 86
1777151802105 1.0 87
1777151802197 1.0 88
1777151802282 1.0 89
1777151802363 1.0 90
1777151802441 1.0 91
1777151802523 1.0 92
1777151802607 1.0 93
1777151802687 1.0 94
1777151802769 1.0 95
1777151802859 1.0 96
1777151802939 1.0 97
1777151803032 1.0 98
1777151803112 1.0 99
1777151794617 1.0 0
