1777151794621 1.0 0
1777151794705 1.0 1
1777151794784 1.0 2
1777151794867 1.0 3
1777151794945 1.0 4
1777151795042 1.0 5
1777151795128 1.0 6
1777151795212 1.0 7
1777151795289 1.0 8
1777151795369 1.0 9
1777151795458 1.0 10
1777151795532 1.0 11
1777151795608 1.0 12
1777151795688 1.0 13
1777151795771 1.0 14
1777151795866 1.0 15
1777151795965 1.0 16
1777151796065 1.0 17
1777151796162 1.0 18
1777151796261 1.0 19
1777151796349 1.0 20
1777151796436 1.0 21
1777151796528 1.0 22
1777151796629 1.0 23
1777151796733 1.0 24
1777151796823 1.0 25
1777151796931 1.0 26
1777151797025 1.0 27
1777151797111 1.0 28
1777151797197 1.0 29
1777151797284 1.0 30
1777151797370 1.0 31
1777151797461 1.0 32
1777151797557 1.0 33
1777151797640 1.0 34
1777151797724 1.0 35
1777151797799 1.0 36
1777151797878 1.0 37
1777151797961 1.0 38
1777151798037 1.0 39
1777151798116 1.0 40
1777151798197 1.0 41
1777151798287 1.0 42
1777151798373 1.0 43
1777151798450 1.0 44
1777151798531 1.0 45
1777151798607 1.0 46
1777151798689 1.0 47
1777151798774 1.0 48
1777151798862 1.0 49
1777151798943 1.0 50
1777151799019 1.0 51
1777151799098 1.0 52
1777151799176 1.0 53
1777151799252 1.0 54
1777151799333 1.0 55
1777151799421 1.0 56
1777151799501 1.0 57
1777151799579 1.0 58
1777151799660 1.0 59
1777151799738 1.0 60
1777151799820 1.0 61
1777151799907 1.0 62
1777151799989 1.0 63
1777151800064 1.0 64
1777151800159 1.0 65
1777151800253 1.0 66
1777151800337 1.0 67
1777151800421 1.0 68
1777151800498 1.0 69
1777151800593 1.0 70
1777151800680 1.0 71
1777151800761 1.0 72
1777151800842 1.0 73
1777151800929 1.0 74
1777151801021 1.0 75
1777151801119 1.0 76
1777151801213 1.0 77
1777151801300 1.0 78
1777151801391 1.0 79
1777151801479 1.0 80
1777151801574 1.0 81
1777151801661 1.0 82
1777151801751 1.0 83
1777151801849 1.0 84
1777151801939 1.0 85
1777151802022 1.0 86
1777151802109 1.0 87
1777151802201 1.0 88
1777151802286 1.0 89
1777151802367 1.0 90
1777151802444 1.0 91
1777151802527 1.0 92
1777151802611 1.0 93
1777151802691 1.0 94
1777151802772 1.0 95
1777151802864 1.0 96
1777151802943 1.0 97
1777151803036 1.0 98
1777151803116 1.0 99
1777151794621 1.0 0
