1777151794605 0.6246631969796851 0
1777151794688 0.5735398378778012 1
1777151794769 0.518258071326195 2
1777151794849 0.45928717483865455 3
1777151794931 0.39191817983667904 4
1777151795022 0.3237616762201837 5
1777151795110 0.2582432821075967 6
1777151795197 0.20143387355702988 7
1777151795273 0.1568718026293085 8
1777151795354 0.11905507711654013 9
1777151795443 0.09268620372452635 10
1777151795518 0.07258664111190653 11
1777151795593 0.05793732761385593 12
1777151795673 0.046062892104717014 13
1777151795754 0.036803297460713286 14
1777151795847 0.03293797306399396 15
1777151795947 0.02600180484513019 16
1777151796045 0.02339494985310321 17
1777151796143 0.018809356905044393 18
1777151796241 0.016445292199545717 19
1777151796333 0.014433662090054217 20
1777151796419 0.01265961738263673 21
1777151796508 0.011263456007346828 22
1777151796609 0.010366363876915358 23
1777151796713 0.009750227760919866 24
1777151796805 0.008511884217249585 25
1777151796915 0.00751666539408108 26
1777151797007 0.006637928759718829 27
1777151797095 0.0061858799110384695 28
1777151797178 0.005856516275634157 29
1777151797265 0.005026661771092009 30
1777151797353 0.0047859684465096355 31
1777151797445 0.004351161033945515 32
1777151797538 0.0043503778362448545 33
1777151797625 0.0037947429859257757 34
1777151797709 0.003528692189881459 35
1777151797784 0.0033444866062478816 36
1777151797860 0.003007717502422314 37
1777151797945 0.0029413018256742906 38
1777151798022 0.002676023484921043 39
1777151798100 0.0025275607142557807 40
1777151798180 0.0024736329734800977 41
1777151798268 0.002385354967431185 42
1777151798358 0.002037836907510745 43
1777151798433 0.0019570202269452684 44
1777151798516 0.0018837263639223702 45
1777151798592 0.0018110465941990309 46
1777151798671 0.0016744114840006891 47
1777151798759 0.0015701392734859218 48
1777151798845 0.0015151596373006544 49
1777151798928 0.0014211622492826365 50
1777151799004 0.001411166054474071 51
1777151799082 0.0011896003481060109 52
1777151799160 0.0012465156020319207 53
1777151799237 0.0011947240687886927 54
1777151799318 0.0011344502687434409 55
1777151799402 0.0010648120449796477 56
1777151799486 0.001050388632451204 57
1777151799563 0.0009529104727528434 58
1777151799643 0.0010024815038629272 59
1777151799723 0.0008814128287919262 60
1777151799802 0.0008414766158007007 61
1777151799892 0.0008682453691553166 62
1777151799968 0.0008284129682888693 63
1777151800049 0.0007454393749828748 64
1777151800140 0.0007467236214421413 65
1777151800235 0.0006885561693281411 66
1777151800320 0.0006185348698017287 67
1777151800402 0.0006900227887486603 68
1777151800482 0.000630919180037652 69
1777151800577 0.0005645472853583225 70
1777151800664 0.0006162062079269201 71
1777151800743 0.000568679385283526 72
1777151800826 0.000524180814960694 73
1777151800912 0.0004624813040247821 74
1777151801002 0.00044903710163743334 75
1777151801100 0.0004735287260932927 76
1777151801195 0.00046723291954085073 77
1777151801285 0.00044644644831931416 78
1777151801375 0.0004238463951240076 79
1777151801460 0.0004004192048748162 80
1777151801556 0.0003610771242900692 81
1777151801646 0.00034111776163781737 82
1777151801732 0.00037129741952199725 83
1777151801830 0.00036544496090735925 84
1777151801923 0.0003441674243151012 85
1777151802004 0.00030051664625135985 86
1777151802094 0.00028709156879600374 87
1777151802184 0.00030060974073576485 88
1777151802268 0.00024623544100285606 89
1777151802351 0.0002468068470331305 90
1777151802428 0.0002774736911189703 91
1777151802511 0.00025994388620057045 92
1777151802594 0.00026061190301527643 93
1777151802676 0.00024253837708532414 94
1777151802757 0.0002535059896391876 95
1777151802845 0.0002594928847293944 96
1777151802927 0.00020869585986997178 97
1777151803020 0.00022336537717529474 98
1777151803100 0.0001750290979002107 99
1777151794605 0.6246631969796851 0
